Force X (N);Force Y (N);Force Z (N);Torque X (N-m);Torque Y (N-m);Torque Z (N-m);Frequency = 1000;Averaging Level = 16;F/T Serial Number = FT38684;Time Started = 29.11.2023 22:57:18
-0.00628702342510223;0.00536372186616063;-0.0264759249985218;0.000144270365126431;0.000131514825625345;3.31471528625116E-06
0.00183936581015587;-0.00475949048995972;0.00993455294519663;-4.93496081617195E-05;4.964633990312E-05;-0.000497324217576534
0.0100105088204145;-0.00714624766260386;0.0076753618195653;4.70544182462618E-05;0.000367955683032051;-0.000409864005632699
0.0170178040862083;-0.0102286655455828;0.0392713397741318;-0.000105104831163771;-0.000323983927955851;-4.10524953622371E-05
0.00218656286597252;0.0136043280363083;0.0109769525006413;0.000121430741273798;-0.000237422413192689;-0.000338344747433439
0.00324811646714807;0.0119008403271437;-0.0185514539480209;-7.11234461050481E-05;-0.000170200743013993;-0.000352109927916899
0.000507015269249678;-0.00208625523373485;0.0242213383316994;0.000212015118449926;0.000127521605463699;-0.000116800518298987
-0.00225819344632328;0.00321262935176492;0.0289531145244837;-0.000108984677353874;-0.000213902269024402;-0.000131361884996295
0.00263582728803158;0.00419639237225056;0.0212338026612997;3.5987060982734E-05;0.000291871197987348;-0.000589821313042194
-0.00263430923223495;-0.00215028366073966;0.0404642820358276;-0.00018824175640475;0.000230123085202649;-0.000454034423455596
0.00903029832988977;0.00467811850830913;0.0132080549374223;0.000239835761021823;0.000284925772575662;-0.000320103310514241
0.0126220677047968;-0.00188844231888652;0.00721265748143196;-2.92902841465548E-05;1.1998345144093E-06;-0.00012487982166931
0.00346214417368174;0.00425129849463701;0.0249071083962917;-5.77190330659505E-05;-0.000175715089426376;0.000111406858195551
0.00518191652372479;0.00328487390652299;0.0292910318821669;0.000120446449727751;-0.00042582894093357;-0.000346209621056914
-0.00157566973939538;0.0208520665764809;0.0388598963618279;5.91911848459858E-05;0.000119105279736686;-0.000337508943630382
0.00118566211313009;0.00932976230978966;0.00818400830030441;-4.04140082537197E-05;-5.03042501804885E-05;-0.000654865521937609
0.00680277403444052;-0.00630513206124306;-0.00269490736536682;-0.000126424623886123;-2.58581494563259E-05;-0.000460495066363364
0.00426882319152355;-0.00558049464598298;0.0363081395626068;-0.000141961849294603;-9.29098532651551E-05;-0.000428786093834788
0.00313689559698105;0.00529684405773878;0.00545477867126465;4.05913233407773E-05;-0.00023105792934075;-0.000212873361306265
0.00512794870883226;-0.0076096230186522;0.0265781544148922;-0.000245572708081454;0.000107416977698449;-0.000518527929671109
0.00868856348097324;-2.32933089137077E-05;0.0324205830693245;-1.13778369268402E-05;0.000106870342278853;-0.000657464377582073
0.00303732766769826;5.31438272446394E-05;0.035045251250267;-8.49067873787135E-05;0.000242742331465706;-0.000140122137963772
0.00824558176100254;0.00566654140129685;0.0207859203219414;-8.82755339262076E-05;-0.000134665708173998;-0.00023378232435789
-0.00679921917617321;0.0112136332318187;0.0040041720494628;-3.30659604514949E-05;0.000241417103097774;-0.000469241640530527
0.00556258903816342;-0.00694486359134316;0.0361212715506554;-0.000242941081523895;-0.000177408306626603;-0.000128629006212577
-0.0126595878973603;-0.000720248441211879;0.0293125286698341;4.04068377974909E-05;9.15349301067181E-05;-0.000345415843185037
0.00173469167202711;0.00377496564760804;0.00994146708399057;-1.28799038066063E-05;0.000245146075030789;-0.000566859147511423
0.00846607238054276;0.00162146985530853;0.00451457686722279;0.000195778848137707;-0.00014035208732821;-0.00021234541782178
0.000130495755001903;0.016959972679615;0.0180415585637093;0.000253706821240485;-0.000207450604648329;-7.63964781071991E-05
0.0143816778436303;0.00442343391478062;0.00309973349794745;1.60729468916543E-05;0.000142569682793692;-0.000340020516887307
0.00361596653237939;-0.00198455131612718;0.0458745658397675;-0.000342581304721534;0.000175572407897562;-0.000279678497463465
-0.00225208257324994;0.0119722615927458;0.034489631652832;-4.61006638943218E-05;-0.000188791804248467;-0.000371233560144901
-0.00899255368858576;0.00367436977103353;0.0281048752367496;0.000203387578949332;0.000118609823402949;-5.79368097533006E-05
-0.00527247600257397;0.00160700874403119;-0.00822644028812647;0.000190527280210517;-4.48885148216505E-05;-0.00030485782190226
-0.0102951051667333;0.00773917976766825;-0.00822228193283081;0.000343011459335685;-4.87498036818579E-05;-0.000318592676194385
-0.00485192565247417;0.00903652049601078;0.0124813420698047;-3.87111140298657E-06;0.000229933473747224;-0.000264735223026946
0.00545803317800164;0.00973943062126637;0.0529230870306492;5.34683858859353E-05;-0.000253965175943449;-0.000247795425821096
0.00498706754297018;0.00822637043893337;0.0223587024956942;6.49335052003153E-05;-8.79938525031321E-05;-0.000504754716530442
-0.00496293045580387;0.00577647751197219;-0.00568732433021069;-2.45232604356715E-05;0.000121819852211047;-0.000575132435187697
-0.000658599194139242;-0.0051817400380969;0.00961257796734571;-0.000256921019172296;0.000109421831439249;-0.000254229467827827
-0.00255787884816527;0.00517330039292574;0.0193308368325233;-3.13312339130789E-05;-4.31530352216214E-05;5.19107525178697E-05
-0.00308605935424566;0.00570574775338173;0.0491444952785969;0.000204952637432143;3.57219905708916E-05;-0.000721695425454527
-0.0040012039244175;0.0017316909506917;0.0196408815681934;-6.44201827526558E-06;0.000196797423996031;-0.000491708167828619
-0.00294791115447879;-0.00112307956442237;0.00417418405413628;-0.000162226962856948;0.000292555312626064;-0.000398543750634417
-0.00442489748820663;-0.00516554294154048;0.0642316415905952;-0.000119231990538538;6.46832049824297E-05;-0.00031535406014882
-0.00743516813963652;0.0159398708492517;0.0177841354161501;0.000133173234644346;-0.000192743580555543;-0.000192160528968088
0.000974030699580908;0.0149734001606703;0.00409607589244843;0.000152701904880814;-8.75266778166406E-05;-0.000426532234996557
0.010679442435503;-0.00189746636897326;0.011376028880477;-2.59920670941938E-05;-6.52136004646309E-05;-0.000510522746481001
0.004395657684654;-0.00251551368273795;0.0432295575737953;-0.000235685132793151;0.000157115166075528;-0.000123049976537004
0.000901209656149149;0.00332655524834991;0.0379422903060913;4.84745651192497E-05;0.000271089666057378;-9.51194233493879E-05
-0.00431467965245247;-0.0046439953148365;0.0227379184216261;0.000215958323678933;1.79753224074375E-05;-0.000190460967132822
-0.00411467161029577;0.00764910783618689;0.0196993686258793;0.000233674611081369;3.53382620232878E-06;-0.000219203502638265
-0.0107456697151065;0.00984015874564648;0.0236718021333218;0.000316690217005089;-0.000301560328807682;-0.000434246176155284
-0.00585221033543348;0.000408441759645939;0.0209818501025438;0.000207214208785444;-0.000309675844619051;-0.000293077406240627
0.00836684834212065;-0.00364966923370957;-0.00242612278088927;-8.53924138937145E-05;0.000313277589157224;-0.000543915492016822
0.0140035217627883;-0.00696196453645825;0.0336355157196522;-0.000238600448938087;2.02391092898324E-05;-0.000371590576833114
0.00290925335139036;0.00368507159873843;0.049144234508276;0.000167947393492796;-4.34744724771008E-05;-0.000392269343137741
0.00827724579721689;0.0100090112537146;0.0235464032739401;-8.18611079012044E-05;-4.24326790380292E-05;-0.000116822920972481
-0.00102799106389284;0.00260856235399842;0.0393200144171715;0.000155349320266396;3.7489411624847E-05;-8.14623781479895E-05
0.0104842027649283;0.00342764565721154;0.0557287149131298;-0.000145973011967726;-0.000118826166726649;-0.000146150967339054
0.0140559729188681;0.00420164316892624;0.0517738573253155;-7.06874998286366E-05;-2.99764215014875E-05;-0.00037622865056619
-0.00121653126552701;0.00893513206392527;0.0611580684781075;-8.77351849339902E-05;-4.91512982989661E-05;-0.000344187574228272
-0.00946436636149883;0.00809708144515753;0.0122486464679241;5.66795060876757E-05;-0.000166936195455492;-0.000310455681756139
-0.00126449717208743;0.0181331038475037;0.0161885526031256;-4.82949726574589E-05;-0.000224827439524233;-0.000479440292110667
0.00211865268647671;0.00384668121114373;0.0209038313478231;-0.00016854316345416;0.000258257408859208;-0.000519087538123131
0.0104613024741411;-0.00455359509214759;0.0291092563420534;-0.00038065918488428;7.25792779121548E-06;-0.000316802354063839
0.00502507481724024;0.00373614160344005;0.0209824480116367;-1.52908251038753E-05;4.50083825853653E-05;-6.09653725405224E-05
-0.0116640375927091;0.0190118998289108;0.0179221667349339;-7.1066700911615E-05;0.000617071869783103;-0.000417355273384601
-0.0011637257412076;0.0134592782706022;0.0042047630995512;0.000120016600703821;0.000121656012197491;-0.000583394430577755
0.000187588855624199;-0.000174470245838165;0.0293173249810934;-5.97934558754787E-05;-4.0800885471981E-05;-0.000674932613037527
0.0105534698814154;0.00571112101897597;0.0395068451762199;0.000182773888809606;3.1415416742675E-05;-0.000295021454803646
0.00484245317056775;0.0106577724218369;0.0428164415061474;-7.37793307052925E-05;-0.000433043751399964;-0.000368400535080582
0.00875661708414555;-0.00433645956218243;0.0169669017195702;-0.000110911758383736;9.28644803934731E-05;-0.00047902442747727
-0.0035068984143436;-8.07484611868858E-05;0.0389710105955601;-0.000107456275145523;1.54292538354639E-05;-0.000369588466128334
-0.00245932675898075;0.0116257825866342;-0.00256604701280594;0.000214314728509635;0.000275054189842194;-0.000198695648577996
0.000602232292294502;-0.0109121017158031;0.000339065562002361;-6.0224028857192E-06;0.00011043136328226;-0.0002297143364558
0.00702858064323664;0.00441755307838321;0.0335965119302273;-0.000121908218716271;0.000306412170175463;-2.50249249802437E-05
0.00552717642858624;0.00734630553051829;0.0318261981010437;-0.000144116158480756;-0.000100258286693133;-0.000228697608690709
-0.000532189151272178;0.012701541185379;0.017818009480834;-8.72556629474275E-05;3.10265058942605E-05;-0.000348852307070047
0.00662940135225654;0.000644085463136435;0.0345861688256264;-0.0004577407380566;0.000256575498497114;-0.000384486629627645
-0.00120988371782005;0.00128785148262978;0.00436609610915184;5.11909674969502E-05;0.000244259223109111;0.00017556722741574
-0.00601894548162818;0.00426104618236423;0.0428367108106613;-0.000146102858707309;-0.000159545787028037;-0.000225306779611856
0.00342617882415652;0.00165276927873492;0.0417832992970943;-0.000117157658678479;-1.88295452971943E-05;-0.000152722146594897
-0.00174141488969326;0.0112686399370432;0.0208183713257313;0.000122687793918885;-6.21094513917342E-05;8.22740767034702E-05
-0.000417484901845455;-0.00968952663242817;0.0185815915465355;-3.88116641261149E-05;0.000300074665574357;-0.000564296613447368
-0.00319434306584299;0.00778843369334936;0.0302765127271414;-0.00021191209089011;5.32069134351332E-05;-0.000215070249396376
-0.00218306109309196;0.0098731592297554;0.0211225654929876;0.000272476288955659;-2.33357732213335E-05;-0.000246865616645664
0.00797550100833178;-8.01356509327888E-05;0.0195957627147436;-5.80410778638907E-05;-0.000122762488899752;-0.000550186494365335
0.00764533737674356;0.00415342813357711;0.0394793935120106;0.000192262363270856;1.39362127811182E-05;-0.000166522309882566
-0.000275080092251301;-0.00417224038392305;0.0423314161598682;1.9657358279801E-05;0.000396083079976961;-0.000193716943613254
-0.00128299370408058;-0.00701363943517208;0.0283093098551035;-6.6539658291731E-05;0.00041311138193123;-0.000401356432121247
-0.0011269326787442;0.00729597732424736;0.0344373360276222;-7.86405507824384E-05;-0.000351941707776859;-0.000243681992287748
-0.00151706673204899;0.0108782537281513;-0.000419286894612014;-0.000215750973438844;0.000206644210265949;-0.000141832249937579
-0.0135158933699131;0.0116506088525057;0.0129836080595851;-0.000481621536891907;0.000243226066231728;-0.00020873814355582
0.00337117584422231;0.00299643445760012;0.0418266132473946;2.42504756897688E-06;-0.000134589892695658;4.77548710478004E-05
-0.00159745942801237;0.00347262853756547;0.0165463946759701;-6.36263503110968E-05;-6.4570594986435E-05;-0.000121682802273426
-0.0111148497089744;0.00864304043352604;0.0112976199015975;0.000103181519079953;0.000442068703705445;-0.000350382324540988
0.00379824824631214;0.00140816206112504;0.0520314984023571;1.79104608832859E-05;0.000315015902742743;-0.000432445027399808
0.00718601373955607;0.011450182646513;0.0460747927427292;1.79914168256801E-05;7.23732882761396E-05;-6.24946842435747E-05
0.00443809665739536;0.0102383382618427;0.0178571175783873;-6.23087980784476E-05;-7.87820608820766E-05;0.000181113078724593
0.00384125392884016;0.0172792784869671;0.0624413229525089;-9.76008595898747E-05;-1.78896734723821E-05;-0.000127086110296659
0.00264601269736886;0.0146157406270504;0.0218854453414679;-0.000119127769721672;-6.71399029670283E-05;-0.000132132874568924
0.00440879072993994;0.0102130006998777;0.0136301340535283;-7.88642500992864E-05;-0.000200819704332389;-0.000466599070932716
-0.00388696510344744;0.00200115330517292;-0.0141442222520709;-0.000117975199827924;7.44817953091115E-05;-0.000551175558939576
0.00558437779545784;0.00116513064131141;0.0191889386624098;-0.000140697258757427;-0.000415811111452058;-0.000365977990441024
0.00353432074189186;0.00960780493915081;0.0430579818785191;-3.98738375224639E-05;-0.000110187196696643;-0.000122917743283324
0.00612576026469469;0.00645046448335052;0.0152524998411536;-0.000105966435512528;4.80447706650011E-05;-0.000335763150360435
1.3427808880806E-05;-0.00379700632765889;0.0336885452270508;-6.46780390525237E-05;0.000157448899699375;-0.000457210669992492
0.00756168132647872;0.00400906149297953;0.0612878203392029;-0.000116992589028087;-0.000190753286005929;-0.00047379732131958
-0.00541751971468329;0.0113022960722446;0.0360429435968399;5.84419940423686E-05;-0.000100526958703995;-0.000212429949897341
-0.00034148246049881;0.0118548683822155;0.0127629386261106;0.000244312133872882;3.81912250304595E-05;-0.000579731538891792
0.00558515079319477;-0.0114555610343814;0.0389267429709435;-0.000315435172524303;-0.000205418473342434;-0.000457852933323011
0.00286030955612659;-0.00250925542786717;0.0597498342394829;-0.000412083696573973;0.000169933424331248;-0.000330962182488292
0.0137276733294129;-0.00330655975267291;0.0450470224022865;0.00010081629443448;-0.000237643776927143;-0.000323592452332377
-0.0124990101903677;0.00603568973019719;0.0109005570411682;-2.69519405264873E-05;0.000102173959021457;-0.000267231196630746
0.00242523266933858;0.00550316646695137;0.0558015927672386;-2.22378548642155E-05;-2.35378174693324E-05;-0.000217402848647907
0.00521511025726795;0.00487605901435018;0.0475120842456818;-4.09355016017798E-06;-5.55798033019528E-06;-0.000192225503269583
0.00147798273246735;0.0160716064274311;0.037448313087225;2.7312385100231E-06;3.4094940929208E-05;-8.10350757092237E-05
0.00105965882539749;0.0104853855445981;-0.00013897854660172;3.04978020722046E-05;-9.23204061109573E-06;-0.00028548642876558
0.000888627022504807;0.00481112254783511;0.0126523142680526;8.30404460430145E-05;-7.87765748100355E-06;-0.000423440505983308
0.00319067016243935;0.00145622016862035;0.0222886446863413;-0.000119823809654918;8.37091574794613E-05;-0.000204149051569402
-0.00314826308749616;0.00350584182888269;0.0387088507413864;-0.000197171131731011;-2.31895028264262E-05;-6.87150677549653E-05
0.00669432850554585;0.00125304376706481;0.0155840525403619;1.57629219756927E-05;8.13555307104252E-05;-0.000421642558649182
0.0146458987146616;0.0024517010897398;0.0408551394939423;7.03805708326399E-05;3.0508053896483E-05;-7.96798631199636E-05
0.00643798755481839;0.0118097718805075;0.0374719388782978;0.000135261041577905;-0.000510851503349841;-0.000298848899547011
0.00689042452722788;0.0146910706534982;0.0153389247134328;6.58313074382022E-05;8.54473910294473E-07;-0.00063560827402398
-0.00483191292732954;-0.00138425594195724;0.0181398130953312;-0.000230505815125071;0.000450736930361018;-0.000477584457257763
0.00835679471492767;0.0109901055693626;0.0389320030808449;-9.73220739979297E-05;5.08977027493529E-05;-3.74698392988648E-05
-0.00792558118700981;-0.000425583217293024;0.011211215518415;-2.47788157139439E-05;0.000224685194552876;-0.000338369631208479
-0.00982017908245325;0.00386693328619003;-0.00713854329660535;-0.000131657507154159;0.00036631477996707;-0.000360291713150218
0.00207081111148;-0.00355173856951296;0.0111792590469122;-0.000132678134832531;7.65445583965629E-05;-0.000252975878538564
0.00473656365647912;0.00692464085295796;0.0295714866369963;0.000167045422131196;5.86781243328005E-06;-0.000400473858462647
-0.138325437903404;0.0611943677067757;0.032036479562521;0.00294024799950421;0.000229676836170256;0.00808813516050577
0.652305841445923;0.607021391391754;-1.40633618831635;0.00455137062817812;0.00588451325893402;-0.00885049998760223
-0.0885744094848633;0.150270223617554;-0.307777464389801;-0.0152017390355468;-0.00241902936249971;0.0598887875676155
-0.549311816692352;0.805991649627686;0.0601894110441208;0.0190998241305351;0.00360430520959198;-0.00584043934941292
0.0147648751735687;0.642030477523804;-0.505656778812408;-0.034219067543745;0.0435244925320148;0.00554935028776526
0.988640189170837;-0.03615403175354;-0.195762574672699;0.0335178710520267;0.0593487322330475;0.0900562554597855
0.0133981108665466;-0.838370025157928;0.125694274902344;0.0652605444192886;0.0131876738741994;0.0458149388432503
-0.375160694122314;-1.29922783374786;1.21284985542297;0.0410224348306656;-0.0653876215219498;0.110955893993378
-1.08379173278809;0.285132646560669;-1.36094999313354;0.00099320150911808;-0.0901289358735085;0.158694714307785
0.0465433597564697;0.866598546504974;-0.751674473285675;-0.108434200286865;0.0112239951267838;0.0786846280097961
1.98101902008057;-0.583168804645538;0.24795788526535;0.0329955033957958;0.101364359259605;0.0988374426960945
-0.487645447254181;-1.07010185718536;0.971416175365448;0.0771482065320015;-0.0284323208034039;0.0541982986032963
-1.20670747756958;0.366649866104126;-0.198248043656349;-0.0230746977031231;-0.0706597864627838;0.0670838207006454
0.326894879341125;-0.0903270840644836;0.106340035796165;-0.0452248342335224;0.0274324342608452;0.079233780503273
0.101035594940186;-0.439427495002747;0.780661046504974;0.0349109694361687;-0.012776680290699;0.15787647664547
-0.134158849716187;-0.0630470514297485;0.632886409759521;-0.0335363000631332;-0.0126724597066641;0.104725211858749
1.25342512130737;-1.11412358283997;-0.532939195632935;0.0678711384534836;0.060870073735714;0.0863166525959969
-1.62800216674805;-0.174828052520752;0.38965231180191;0.014600477181375;-0.143293499946594;0.15150773525238
0.970649242401123;1.01356101036072;0.472552508115768;-0.104520477354527;0.06447484344244;0.11283902823925
0.336337804794312;-1.08721804618835;0.320905417203903;0.0835677087306976;0.0110337166115642;0.0969667732715607
-0.108574867248535;0.723315596580505;-0.0459412299096584;-0.0648946985602379;-0.00821545347571373;0.0959344357252121
-0.142133235931396;-0.895473718643188;0.191575989127159;0.0733435675501823;-0.00648410897701979;0.0928918048739433
-0.23329496383667;1.33304715156555;-0.00911080278456211;-0.0515731312334538;-0.00580461416393518;0.0307493284344673
-0.597169280052185;-0.722602963447571;0.944130957126617;0.0405383221805096;-0.0504187382757664;0.0913949012756348
1.09370696544647;1.47736787796021;0.974444806575775;-0.0764349400997162;0.0731918960809708;0.0592120736837387
-1.02151966094971;-1.17312037944794;0.289955407381058;0.0899176895618439;-0.0622650980949402;0.112980090081692
0.458285093307495;0.601980805397034;0.999207079410553;-0.0427963472902775;0.018287118524313;0.105271011590958
-0.69501006603241;0.543044447898865;0.749364912509918;-0.0227739103138447;-0.0293457880616188;0.0883594155311584
0.395267486572266;-0.418414235115051;0.569010674953461;0.0459812395274639;0.00963856838643551;0.108711019158363
0.42122483253479;0.266457319259644;0.963115751743317;-0.0264144651591778;0.0333723500370979;0.104968637228012
-0.0643429756164551;0.242578148841858;0.99314147233963;-0.0234132558107376;-0.0457366183400154;0.0781345590949059
0.334564924240112;0.131024956703186;1.34787380695343;0.0227032341063023;-0.00186941586434841;0.16617813706398
0.219118118286133;0.00613462924957275;0.932840585708618;0.0138291586190462;0.00891217868775129;0.0974015444517136
0.642184495925903;-0.352620840072632;1.7893580198288;-0.0146722393110394;0.00120820850133896;0.126187562942505
0.0702970027923584;0.224961400032043;0.885491251945496;-0.0213943403214216;-0.0149063114076853;0.115084789693356
0.225602865219116;-0.287686944007874;2.30859136581421;0.0130835985764861;-0.0047719543799758;0.0953568667173386
-0.456720471382141;-0.647814989089966;1.48627662658691;-0.00416699890047312;-0.0176763273775578;0.0770048648118973
-0.0108225345611572;0.213947772979736;1.74273574352264;0.00390394311398268;-0.000610634684562683;0.104320183396339
0.411598443984985;0.461534857749939;2.26403999328613;-0.0102496184408665;0.00776905566453934;0.148296564817429
-0.425597667694092;0.751500368118286;2.34347414970398;0.00342867523431778;-0.011140089482069;0.219773679971695
-0.547125816345215;-0.688448905944824;2.63227725028992;0.0207066796720028;-0.0464650206267834;0.345703333616257
0.57171630859375;-1.68288636207581;2.43749976158142;0.0952466279268265;0.0546012707054615;0.307460635900497
0.459877729415894;0.81386798620224;3.09960889816284;-0.0931235328316689;7.9963356256485E-05;0.124392740428448
0.876957058906555;-1.14161264896393;1.88441932201385;0.0312957800924778;0.0334857180714607;0.0590514913201332
1.67421126365662;1.99794292449951;4.14236402511597;-0.100660547614098;0.100375398993492;0.0229572076350451
2.62895226478577;-0.403697192668915;3.82659959793091;0.0365366600453854;0.144024074077606;0.058511059731245
0.719764471054077;-0.398245096206665;3.08491539955139;0.0203137155622244;0.00924025382846594;0.0766346231102943
1.3475615978241;-1.15645027160645;3.9307279586792;0.051765501499176;0.044512651860714;0.0763564258813858
0.753963708877563;-1.02470302581787;3.53109812736511;0.024298258125782;-0.0131492838263512;0.0786344707012177
0.765492081642151;0.00745415687561035;3.05424404144287;0.00514713348820806;0.0639618262648582;0.0755385309457779
0.897458791732788;-1.18653059005737;3.56021952629089;0.032579779624939;0.0291401408612728;0.0228590331971645
1.03406262397766;-0.516686797142029;3.20664143562317;0.00795567408204079;0.0304336659610271;0.0876884609460831
0.440966486930847;0.183048605918884;2.52660655975342;0.00919799227267504;0.00694693811237812;0.0570262372493744
1.74241185188293;-0.435037165880203;3.45643377304077;0.00947517994791269;0.063468262553215;0.0390290915966034
0.832738101482391;0.149406671524048;3.013751745224;-0.013988402672112;0.0514185018837452;0.0573471337556839
0.803622961044312;-0.411001145839691;2.52965211868286;0.0105651905760169;0.0424172841012478;0.0818249732255936
0.79240083694458;-0.168270885944366;3.23123097419739;0.0376850701868534;0.0202803798019886;0.0901842191815376
0.738804638385773;-0.279217958450317;2.86223196983337;0.0115438867360353;0.0131501415744424;0.0200864672660828
1.3723247051239;-0.370234429836273;2.91532707214355;0.00605304911732674;0.0728013813495636;0.109910503029823
0.569090247154236;0.153870314359665;2.36689281463623;0.00554500799626112;0.0416997745633125;0.0483057759702206
1.08259701728821;-0.215406119823456;2.75723218917847;0.0224716067314148;0.0329537428915501;0.0607794523239136
0.487692475318909;-0.390846133232117;3.32204413414001;0.0130809713155031;0.00892016757279634;0.0857207775115967
1.41670596599579;-0.311822086572647;2.5855655670166;0.0255011636763811;0.0439887866377831;0.0587966591119766
1.18936717510223;-0.0442134141921997;2.99337220191956;-0.0160052981227636;0.0537802651524544;0.0810350701212883
1.04748201370239;0.286672234535217;3.93359851837158;0.0279876422137022;0.0464953780174255;0.115688033401966
0.971260070800781;-0.476417660713196;2.30841422080994;0.0223392061889172;0.0178481005132198;0.0905352085828781
0.558125257492065;-0.453165590763092;2.53110098838806;-0.00147584755904973;0.00992780458182096;0.0489609725773335
1.28864359855652;-0.329805612564087;2.85740280151367;0.016413614153862;0.0658896341919899;0.0509697906672955
1.26767992973328;-0.318904995918274;3.40053939819336;0.00891378335654736;0.0475314185023308;0.0663324147462845
1.18714678287506;-0.109740912914276;3.89221096038818;0.0207706708461046;0.0359947569668293;0.100867614150047
0.679322361946106;-0.218486547470093;2.4065957069397;0.0199479311704636;0.0117381419986486;0.0755209103226662
1.06111693382263;-0.901689648628235;1.99803948402405;0.0124662965536118;0.0350363589823246;0.062820240855217
0.851415872573853;0.00525005906820297;2.64163279533386;-0.00976549461483955;0.0540937893092632;0.012681107968092
0.918195784091949;-0.28288209438324;2.41045022010803;0.00821414962410927;0.0401331596076488;0.0459405444562435
1.03876328468323;-0.546651721000671;2.90508770942688;0.0259827524423599;0.0188388638198376;0.106059215962887
0.856614232063293;-0.911107420921326;2.27904510498047;0.00606174767017365;0.0133424457162619;0.0307838246226311
0.92769593000412;-0.293365269899368;2.77412891387939;0.0211187191307545;0.0635660439729691;0.0443811230361462
1.06649684906006;-0.0726647675037384;2.92495465278625;-0.00886200368404388;0.0405311211943626;0.0554752759635448
1.01368451118469;-0.395960807800293;3.04788970947266;0.0173377301543951;0.0372807569801807;0.107412621378899
0.65617299079895;0.0198614597320557;2.9838707447052;0.0209744535386562;0.014428929425776;0.0674573704600334
1.32986307144165;-0.330417156219482;2.42134857177734;0.00826414860785007;0.0260942708700895;0.0225601978600025
1.39801394939423;-0.6343954205513;2.93640470504761;0.000431440770626068;0.0682412907481194;0.0880087986588478
0.966449558734894;-0.382942378520966;3.48890233039856;0.0141936037689447;0.0422552525997162;0.0676133036613464
0.851008892059326;-0.264422297477722;1.81279253959656;0.0113484356552362;0.0190668180584908;0.0659609884023666
0.346634864807129;-0.119657099246979;2.38398551940918;0.0132923265919089;0.0105787450447679;0.0774190649390221
0.935133576393127;0.0386808067560196;2.26609492301941;0.0155690219253302;0.0606309920549393;0.0349659472703934
1.15549492835999;-0.561377823352814;3.43948936462402;0.000451799773145467;0.0458807535469532;0.0278404336422682
0.954951047897339;-0.317933082580566;2.93545436859131;0.0202588923275471;0.0389272607862949;0.112182915210724
0.634063482284546;0.00521445274353027;2.69264459609985;0.0251746103167534;0.01869822666049;0.0648463368415833
0.804717361927032;0.193160980939865;2.65738868713379;0.00945433042943478;0.0145367234945297;0.0517300330102444
1.3800196647644;-0.160371601581573;2.71630787849426;0.0140330363065004;0.0766862332820892;0.078135184943676
0.658191084861755;-0.604416310787201;2.42141437530518;-0.00326437433250248;0.0338885225355625;0.0211985222995281
0.860019445419312;-0.322817206382751;2.87776684761047;0.0184712689369917;0.0296203102916479;0.0852142721414566
0.959171414375305;-0.937887966632843;2.23804688453674;0.00127461610827595;0.00875089596956968;0.0278086364269257
1.21023845672607;-0.365405529737473;3.07949614524841;0.026513859629631;0.049751203507185;0.0560971833765507
0.875860333442688;-0.374966740608215;2.86582899093628;-0.0125816538929939;0.0525662265717983;0.0760988295078278
0.922070741653442;-0.361970603466034;3.0156238079071;0.0203531719744205;0.0444845892488956;0.0837054401636124
0.697927713394165;-0.161536693572998;3.17092657089233;0.0282373949885368;0.015684837475419;0.100534453988075
0.459484457969666;-0.0608909130096436;2.01104187965393;0.00208441750146449;0.014423199929297;0.0582941025495529
1.34831774234772;-0.880393624305725;3.39396119117737;0.00774423871189356;0.0695685818791389;0.039292436093092
1.00578474998474;0.0404530167579651;3.25667500495911;0.0104828597977757;0.0423633046448231;0.0459178425371647
1.42632484436035;-0.338829278945923;3.3073308467865;0.0117086786776781;0.0372438356280327;0.0891976654529572
-0.0211945772171021;-0.503608703613281;2.68501901626587;0.018756914883852;0.00817703735083342;0.0484148934483528
1.11668336391449;-0.309046983718872;1.7209529876709;0.0265824608504772;0.0454628467559814;0.0195258166640997
0.86511093378067;-0.348164051771164;3.50773811340332;-0.0162057541310787;0.051383588463068;0.0112760253250599
0.344833254814148;-0.539785265922546;2.91824007034302;0.0138898938894272;0.0409357324242592;0.0842865109443665
0.945391058921814;0.0820825099945068;2.87776565551758;0.0227334853261709;0.0317615270614624;0.0881841108202934
0.680327236652374;-0.267533928155899;2.86519408226013;0.0185452532023191;0.0109328851103783;0.0104421973228455
1.04599487781525;-0.220864176750183;2.65629863739014;0.0195642113685608;0.074946753680706;0.0755677819252014
1.12991499900818;0.131612628698349;2.73045182228088;0.000332674593664706;0.0439601056277752;0.0308161843568087
0.940626978874207;-0.279121398925781;2.70273470878601;0.0200731921941042;0.0387695394456387;0.105598673224449
0.484737038612366;0.442118465900421;2.84406399726868;0.0255119390785694;0.0121511993929744;0.0682972222566605
1.23152363300323;-0.922001719474792;2.74482989311218;0.00877699255943298;0.024950971826911;0.0288514792919159
1.0801420211792;-0.0886853337287903;3.0816605091095;0.00384734384715557;0.0710594430565834;0.0721790492534637
0.936159372329712;0.0455596446990967;3.36566567420959;0.00507945567369461;0.041536707431078;0.0591745227575302
1.0401828289032;-0.263092041015625;2.93261814117432;0.02630814909935;0.0322956442832947;0.128354996442795
0.581126570701599;-0.302047044038773;2.22316479682922;0.0134561862796545;0.00806051027029753;0.048233650624752
1.20733892917633;-0.236723035573959;2.90973258018494;0.0147780487313867;0.0595024861395359;0.0302441939711571
1.08796954154968;-0.448001980781555;3.10842251777649;-0.00901550613343716;0.0503894686698914;0.0481657087802887
1.35808038711548;-0.490137279033661;2.83925580978394;0.0161050707101822;0.0411850064992905;0.100904881954193
0.970414042472839;-0.292657852172852;2.76100826263428;0.0210915505886078;0.0279221832752228;0.101553723216057
0.616044759750366;-0.610863924026489;2.54110741615295;0.0112108904868364;0.0115490695461631;0.0613928288221359
1.52852535247803;-0.522131681442261;3.07305097579956;0.00381315010599792;0.0766012668609619;0.0584944896399975
0.446427583694458;0.517022550106049;2.64510655403137;0.0175467915832996;0.0453430376946926;0.0747587382793427
1.03809213638306;-0.170582473278046;3.51425004005432;0.0220321118831635;0.0332885794341564;0.0709051042795181
0.775326728820801;-0.115659415721893;2.96888518333435;0.0204951167106628;0.0182280726730824;0.0748339220881462
1.01493620872498;-0.395185351371765;2.91544032096863;0.0264984518289566;0.0508320406079292;0.0313107296824455
1.23265957832336;0.0477387011051178;3.3828125;-0.0112372320145369;0.053501520305872;0.0595940873026848
0.996974945068359;-0.661033034324646;2.88384914398193;0.0118756061419845;0.0401177145540714;0.0694681033492088
1.1167368888855;-0.573801755905151;2.79850935935974;0.0308754220604897;0.0313871055841446;0.128515765070915
0.251808166503906;-0.108403742313385;2.91863465309143;0.00499502010643482;0.00978699792176485;0.00379936047829688
1.5824248790741;-0.565669476985931;3.26030087471008;0.0104183470830321;0.079469621181488;0.0911653116345406
0.904891848564148;-0.0920247435569763;2.45700120925903;0.00473147723823786;0.0398484282195568;0.0809316039085388
1.35369229316711;-0.28531551361084;3.5260009765625;0.0103306146338582;0.0486673749983311;0.138280898332596
0.468858420848846;0.386434972286224;2.08760738372803;0.0114712882786989;0.0139287393540144;0.0452267527580261
1.30066299438477;-0.80182933807373;2.76789116859436;0.025866162031889;0.0407675504684448;0.0782218426465988
1.10843670368195;0.110081791877747;3.21989965438843;-0.00419280957430601;0.0701668262481689;0.0662931501865387
0.734837114810944;-0.133150100708008;2.69851088523865;0.0138106672093272;0.041318342089653;0.0431989133358002
1.27661800384521;-0.437116265296936;3.33855938911438;0.0263844765722752;0.0362670570611954;0.141781479120255
0.327283829450607;-0.0397598445415497;1.55157876014709;0.0164520666003227;0.0132338628172874;0.0240455903112888
1.16114902496338;-0.561622500419617;2.72486138343811;0.0150930238887668;0.0695445165038109;0.0795434564352036
0.705902934074402;-0.00392089039087296;2.59742999076843;-0.00543534336611629;0.0444401688873768;0.0234250575304031
1.03042197227478;0.0968580842018127;3.02194118499756;0.0181184746325016;0.0480234809219837;0.0968835353851318
0.720680236816406;-0.122928380966187;2.95630097389221;0.0171670112758875;0.0179484188556671;0.110432341694832
0.643380105495453;-0.0595251023769379;2.0063054561615;0.021181482821703;0.0255543626844883;0.044443316757679
1.48499131202698;-0.437417268753052;2.83511471748352;-0.0097239138558507;0.0806536674499512;0.0492351055145264
0.884344696998596;-0.261782646179199;2.81526970863342;0.0165027696639299;0.0385851338505745;0.0896553546190262
0.798856854438782;0.138276338577271;2.83769249916077;0.0267556235194206;0.0368866361677647;0.072287954390049
0.722888469696045;-0.905648767948151;2.32606410980225;-0.00582408672198653;0.00457594590261579;0.0310447178781033
1.18317234516144;-0.796720087528229;3.07731890678406;0.0246924292296171;0.0589522644877434;0.0245889276266098
1.06144225597382;-0.124880492687225;2.89326667785645;-0.0094169732183218;0.0500010102987289;0.0733384937047958
0.442382097244263;0.398893028497696;2.6247227191925;0.0196753647178411;0.0455272644758224;0.0707146376371384
0.976087093353271;-0.630344033241272;2.87222361564636;0.0335411913692951;0.0276334825903177;0.121106058359146
0.318872272968292;0.346765756607056;2.06955409049988;0.00959928333759308;0.0113731380552053;0.014564991928637
1.3073707818985;-0.241059839725494;3.00171494483948;0.0141302347183228;0.0791256278753281;0.0837123841047287
0.924335718154907;-0.215226888656616;2.93406081199646;0.0112737147137523;0.0424744002521038;0.0546384900808334
1.0363062620163;0.259784936904907;3.06723165512085;0.0208145156502724;0.0461119711399078;0.0972194895148277
0.716706037521362;-0.559199810028076;2.28274869918823;0.00672033475711942;0.0106424205005169;0.0382518470287323
0.817225456237793;-0.912712752819061;3.03817319869995;0.0240037385374308;0.0419537797570229;0.0303050987422466
1.24954175949097;0.0375613421201706;2.99794220924377;-0.0187106039375067;0.066223032772541;0.0360786430537701
1.13270032405853;-0.292914569377899;2.54813146591187;0.0160605013370514;0.0399584621191025;0.0872923731803894
1.00124990940094;-0.368993759155273;3.46399426460266;0.0279680918902159;0.0405446663498878;0.112037032842636
0.512985944747925;0.0934189558029175;2.04014325141907;0.0191591493785381;0.0071110469289124;0.0295616947114468
1.38072431087494;-0.290494203567505;3.12829756736755;0.0107956137508154;0.0753275528550148;0.0931014940142632
0.990795314311981;-0.0827460139989853;2.62531352043152;0.000141041964525357;0.046189934015274;0.0278206430375576
1.02667105197906;-0.245316326618195;3.05690288543701;0.0182978212833405;0.0440077893435955;0.0779187604784966
0.886773109436035;-0.53625226020813;2.72751879692078;0.0128344120457768;0.0201848298311234;0.0812148600816727
0.778682708740234;-0.173309862613678;2.60431027412415;0.0170548316091299;0.0276504438370466;0.0595402866601944
1.22857141494751;0.339673519134521;3.13676381111145;-0.000824027229100466;0.0878574773669243;0.0845032259821892
0.891467154026031;-0.480395019054413;2.6986837387085;-0.00370069826021791;0.030655276030302;0.0519140549004078
1.00411784648895;-0.711565256118774;3.00750851631165;0.0271487757563591;0.0429927036166191;0.103287570178509
0.663599014282227;-0.328220963478088;2.44692087173462;0.00266328128054738;0.00956340972334147;0.0826806575059891
1.13187980651855;-0.262298464775085;2.46842217445374;0.0255633611232042;0.0624951608479023;0.0546727329492569
0.927046358585358;0.0215614438056946;3.19281888008118;-0.00905445031821728;0.0552015826106071;0.0444423034787178
0.482791066169739;-0.384306788444519;2.90319061279297;0.00923773273825645;0.0414542816579342;0.0645047798752785
1.27414393424988;-0.87480491399765;3.10150241851807;0.0317825376987457;0.0263813026249409;0.082024410367012
0.220755338668823;0.624200522899628;2.18443584442139;0.0142531022429466;0.0117746740579605;0.0441812761127949
1.12584102153778;-0.415274053812027;3.26251173019409;-0.00268351775594056;0.077790655195713;0.0304408185184002
0.924950242042542;-0.220835745334625;2.5169837474823;0.00687480624765158;0.0416140221059322;0.061081200838089
0.856256127357483;0.134785950183868;2.82598233222961;0.0209879744797945;0.0458060428500175;0.102553680539131
0.305875420570374;-0.251422226428986;2.88231921195984;0.00317258574068546;0.00844244007021189;0.0822944492101669
0.724052011966705;-0.427274018526077;2.52255821228027;0.0247406996786594;0.0385774485766888;-0.00172539846971631
1.46605467796326;0.118792712688446;3.61961388587952;-0.00546834338456392;0.071127638220787;0.0698649436235428
0.600062847137451;0.0273721218109131;2.20226192474365;0.0236573349684477;0.0400348007678986;0.100859545171261
1.06524479389191;-0.236658126115799;2.65025663375854;0.0213190615177155;0.0404194332659245;0.0617838762700558
0.451428204774857;-0.854573369026184;1.93628978729248;0.00618271669372916;0.00449125422164798;0.0226639173924923
1.26589632034302;-0.663318634033203;3.36736345291138;0.0078992061316967;0.0680160969495773;0.0653473064303398
0.931570112705231;0.033782422542572;2.54266476631165;-0.00568427611142397;0.0422573536634445;0.0607355274260044
1.15577030181885;-0.338939905166626;3.36385321617126;0.021757023409009;0.0451400391757488;0.0595421493053436
0.811626315116882;-0.731352627277374;3.12065863609314;0.00811988953500986;0.0187041163444519;0.083512082695961
0.676102936267853;-0.368668675422668;2.29947972297668;0.0156025737524033;0.0254126228392124;0.0509109981358051
1.4331351518631;-0.295565992593765;2.93838238716125;-0.00213882187381387;0.0783030688762665;0.0625005662441254
0.22398054599762;0.54410308599472;2.2130115032196;0.000371491070836782;0.0353959277272224;0.0417060926556587
1.00455594062805;-0.236515879631042;2.44745802879334;0.0222215540707111;0.045900572091341;0.111342638731003
0.768026828765869;-0.581609606742859;2.73136067390442;-0.00106620555743575;0.00797985959798098;0.0327493250370026
1.29005169868469;-0.856357276439667;2.97931146621704;0.0298800934106112;0.0585311055183411;0.0687194913625717
0.892908990383148;-0.120074331760406;2.87112140655518;-0.0199589431285858;0.0518260076642036;0.0314151756465435
0.655054211616516;-0.466983467340469;2.67528223991394;0.0155914798378944;0.0376744009554386;0.0547389425337315
1.0317804813385;-0.221929907798767;2.48796844482422;0.0245729815214872;0.03876943141222;0.137675926089287
0.465319752693176;-0.102496981620789;2.48033452033997;0.00883278250694275;0.00981803424656391;0.067411981523037
1.60494995117188;-0.309051781892776;3.87953591346741;0.00555743463337421;0.0801164284348488;0.0221102796494961
1.06523537635803;-0.345129668712616;2.82775068283081;0.00372536201030016;0.037317618727684;0.0471143573522568
1.2482682466507;-0.411694884300232;3.07174634933472;0.0172728076577187;0.0429234504699707;0.0906460732221603
0.849517941474915;-0.514087557792664;2.74055695533752;0.0168013479560614;0.016159825026989;0.094523087143898
1.19021809101105;-0.576998114585876;2.2489275932312;0.0170064121484756;0.0417738817632198;0.0628885477781296
1.31076729297638;-0.351076275110245;3.00276350975037;-0.0204575937241316;0.0688743516802788;0.0580998063087463
0.851143419742584;-0.472422569990158;2.92148232460022;0.0156524982303381;0.0379531793296337;0.0606466047465801
1.48519992828369;-0.365580320358276;3.29304003715515;0.0227539446204901;0.0389094986021519;0.122556298971176
0.464226365089417;-0.490818738937378;2.0547308921814;0.0169836338609457;0.0155373904854059;0.0649762079119682
1.28245961666107;-0.121230721473694;3.03450536727905;0.0182229746133089;0.0663732811808586;0.0771109610795975
1.20245409011841;-0.50062358379364;3.01249933242798;-0.00394336739555001;0.0508156158030033;0.0396980755031109
0.904012203216553;-0.0878897905349731;2.82477211952209;0.0133305555209517;0.0510212182998657;0.0704788193106651
0.892609596252441;-0.841682553291321;2.69950938224792;0.0116661312058568;0.0143376365303993;0.0785814002156258
0.916340053081512;-1.00656640529633;2.3987717628479;0.00698251649737358;0.0162264909595251;0.0293615721166134
1.149045586586;-0.0164440721273422;3.17661356925964;-0.00566325336694717;0.079215943813324;0.0447384528815746
0.761689007282257;-0.396573394536972;2.57665991783142;0.0150208324193954;0.0391452200710773;0.0531550087034702
1.04847955703735;-0.489749670028687;3.12798047065735;0.0193020813167095;0.040665328502655;0.147973746061325
0.498412430286407;-0.159784257411957;2.54936051368713;0.00550970900803804;0.013582649640739;0.0580935142934322
1.15355622768402;-0.120793402194977;2.67822551727295;0.0311687737703323;0.0609450787305832;0.0552503019571304
1.00243473052979;0.0259654670953751;2.74717593193054;-0.0166662596166134;0.052395086735487;0.0120586371049285
1.00099015235901;-0.0246169865131378;3.12654185295105;0.010428735986352;0.0426360182464123;0.060128390789032
0.881430983543396;-0.653800249099731;2.0331609249115;0.0166723318397999;0.0326440334320068;0.101503245532513
-0.0566476881504059;-0.247162222862244;2.62679386138916;0.00850488059222698;0.00700223725289106;0.0110126789659262
1.31533479690552;0.0110729336738586;2.85720372200012;0.0116129787638783;0.0830438733100891;0.0820275619626045
0.837240934371948;-0.344592928886414;2.81760048866272;-0.00511130969971418;0.0444574914872646;0.0316714756190777
0.826759099960327;-0.26838755607605;3.24221014976501;0.011264662258327;0.0396067574620247;0.151474252343178
0.608648240566254;-0.135566025972366;2.29042339324951;0.0111054237931967;0.0234220866113901;0.0434934124350548
0.979548633098602;-0.867823779582977;2.36660361289978;0.0203633718192577;0.0306054204702377;0.0237921141088009
1.11515998840332;0.517062664031982;3.15795969963074;-0.00454677920788527;0.0765015929937363;0.0887201055884361
0.931128740310669;0.0648720562458038;3.14136505126953;0.0219458043575287;0.0409741774201393;0.0648310035467148
1.16697061061859;-0.331028580665588;2.40007400512695;0.0288346726447344;0.0332996062934399;0.0877471938729286
0.442111492156982;-0.635831832885742;2.75401711463928;0.00425085099413991;0.0134355369955301;0.0690204799175262
1.2925773859024;-0.367215037345886;2.86487793922424;0.0213636923581362;0.0631773546338081;0.0525573566555977
1.30970740318298;-0.353036522865295;2.77974677085876;-0.00276812678202987;0.053784441202879;0.0796705931425095
0.984075307846069;-0.0448323488235474;2.86289119720459;0.0200396105647087;0.0518361777067184;0.125499457120895
0.510661602020264;0.0337985754013062;3.23917579650879;0.0189112201333046;0.0225090552121401;0.106435105204582
0.684261500835419;-0.928996860980988;2.05085825920105;0.00867338664829731;0.0255563985556364;0.0448285080492496
1.28078746795654;0.0830163955688477;3.28543400764465;0.00292025692760944;0.0828263461589813;0.093128889799118
0.483747601509094;0.315519094467163;2.68188977241516;0.0173859894275665;0.0409176163375378;0.0490306280553341
1.32880425453186;-0.329091429710388;2.61893320083618;0.0131816295906901;0.0422626584768295;0.154196709394455
0.373791933059692;0.603914499282837;2.71580767631531;0.0145540498197079;0.0199542734771967;0.0718614906072617
1.66072702407837;-0.743137359619141;2.40362477302551;0.0221659708768129;0.0556836128234863;0.0710149109363556
1.11196911334991;-0.0893845856189728;2.46363306045532;-0.0217914432287216;0.062910832464695;0.0461441054940224
0.72136390209198;-0.577106118202209;2.85272765159607;0.0176162179559469;0.0394935123622417;0.0862636491656303
1.13354122638702;-0.40528804063797;2.81575441360474;0.0274626221507788;0.0305703449994326;0.0698620826005936
0.782441854476929;-0.653336524963379;2.73137831687927;0.00803194940090179;0.0100601557642221;0.067278727889061
1.10387849807739;0.0860037207603455;2.24684143066406;0.016661673784256;0.0845704451203346;0.0575484298169613
0.774952173233032;0.444482266902924;3.53534388542175;-0.000897022429853678;0.0434475615620613;0.0488433875143528
1.19686210155487;-0.248255968093872;2.75734519958496;0.0186108350753784;0.0380335822701454;0.10109743475914
0.853116393089294;-0.317432403564453;2.82590246200562;0.0173506364226341;0.0219008177518845;0.110571801662445
1.24941504001617;-0.543569445610046;2.45331811904907;0.00787216611206532;0.0285703241825104;0.0381673872470856
1.26715958118439;0.0557828545570374;3.2877995967865;-0.00772404298186302;0.0784960389137268;0.0851767435669899
0.688573360443115;0.243002086877823;3.01742434501648;0.0162400919944048;0.0442723445594311;0.0606061965227127
1.20983648300171;-0.883995115756989;2.35502648353577;0.0211462192237377;0.0295884348452091;0.0814085230231285
0.331941246986389;-0.615787088871002;2.47105193138123;-0.00525803258642554;0.0138067752122879;0.0702376663684845
1.09285950660706;-0.0227044820785522;2.54392576217651;0.0179050862789154;0.0643918812274933;0.0388115309178829
1.3294243812561;-0.131876051425934;2.69783878326416;-0.0100789256393909;0.0554590225219727;0.0497928336262703
0.978891134262085;-0.465890288352966;2.99200201034546;0.0142305586487055;0.0355602763593197;0.102169916033745
0.622588992118835;0.12230908870697;2.7808256149292;0.0322864279150963;0.0289399698376656;0.0939721316099167
0.612127363681793;0.0417227298021317;1.87918126583099;0.00648571830242872;0.0188481491059065;0.0249534733593464
1.24796199798584;-0.512064397335052;2.83197808265686;0.00978950224816799;0.0795117765665054;0.0911162942647934
0.931901812553406;-0.267055749893188;2.96443367004395;0.0102630667388439;0.0409524254500866;0.0342965312302113
0.898362398147583;-0.419880509376526;2.72214150428772;0.0113866087049246;0.0342546068131924;0.124777242541313
0.447059571743011;-0.567639887332916;2.44449067115784;0.0065962253138423;0.0196701250970364;0.0433988980948925
1.42201292514801;-0.283410131931305;2.37154197692871;0.0226090252399445;0.0527271814644337;0.0959694087505341
1.08085381984711;0.21471494436264;2.66488361358643;-0.0176549684256315;0.0652529075741768;0.0257791709154844
0.714273869991302;-0.491998970508575;2.59191870689392;0.0137704145163298;0.0396907180547714;0.0525455139577389
1.18672180175781;-0.780587613582611;3.04274606704712;0.0265964958816767;0.0414089746773243;0.1120450720191
0.613255083560944;-0.605075478553772;1.86798989772797;0.00851720571517944;0.0133217759430408;0.0558696277439594
1.15590059757233;-0.348016560077667;3.01892232894897;0.00922720320522785;0.0731018632650375;0.102326042950153
0.891982316970825;0.110121816396713;3.08588767051697;0.00308334873989224;0.0480695217847824;0.0559567026793957
0.769307672977448;-0.211903959512711;2.53434777259827;0.0147270783782005;0.0415209382772446;0.0450706072151661
1.05195081233978;-0.876417636871338;2.5292489528656;0.0166107565164566;0.0260243490338326;0.104722462594509
0.642927408218384;0.418794065713882;2.14332604408264;0.0165652818977833;0.0295424312353134;0.0651818886399269
1.36350500583649;-0.247109025716782;2.87626051902771;-0.00106381718069315;0.0820983797311783;0.0603169053792953
0.534167528152466;0.124919652938843;2.85576200485229;0.00900677777826786;0.0349653922021389;0.0804733484983444
1.03556883335114;-0.342862904071808;2.97930002212524;0.0241421051323414;0.0378323271870613;0.0934763476252556
0.832418084144592;-0.574173271656036;2.20682287216187;0.00479259341955185;0.013975222595036;0.0326635837554932
1.17517232894897;-0.626964867115021;2.78852105140686;0.0178113672882319;0.0537650883197784;0.0523209311068058
1.27264738082886;-0.285152614116669;2.61865973472595;-0.015854150056839;0.0578597821295261;0.0558546893298626
0.997850656509399;-0.807844877243042;3.44158053398132;0.0277381613850594;0.0420723333954811;0.053361251950264
1.10497450828552;-0.573054909706116;2.82481384277344;0.0194057337939739;0.0242000110447407;0.110783822834492
0.449775457382202;-0.263597190380096;2.85805511474609;0.00648173596709967;0.00583356246352196;0.0381967984139919
1.60834932327271;-0.906513631343842;2.86438226699829;0.0158880557864904;0.0797883272171021;0.0878962129354477
0.967231452465057;-0.129914313554764;2.95991897583008;0.00133456033654511;0.0462555624544621;0.0565809719264507
1.1195342540741;-0.226375579833984;2.92823815345764;0.0149364490061998;0.033716507256031;0.120187699794769
0.744123518466949;-0.342054069042206;2.59191870689392;0.022658234462142;0.020740207284689;0.0665256008505821
1.22893524169922;-0.827704071998596;2.3505175113678;0.0216717459261417;0.0345562286674976;0.0631969422101974
1.49217712879181;-0.0662969052791595;2.70531439781189;-0.0108046289533377;0.0785666927695274;0.0626471489667892
0.717086970806122;-0.0598153173923492;3.11154055595398;0.0123032629489899;0.0382873080670834;0.0441769808530808
1.39090728759766;-0.627449989318848;2.82183957099915;0.0211862102150917;0.0360139906406403;0.0856452882289886
0.241461515426636;-0.401883006095886;2.73642420768738;0.0134015353396535;0.0126263368874788;0.102838084101677
1.35172009468079;0.318089962005615;2.51318049430847;0.023695869371295;0.0684951618313789;0.0619577616453171
0.894863784313202;-0.746060073375702;3.04067134857178;-0.00814342126250267;0.0459850542247295;0.0301022063940763
0.82823371887207;0.127774715423584;2.55432415008545;0.0170694030821323;0.0451219826936722;0.11167161911726
1.09354329109192;-0.456160217523575;2.83864879608154;0.0133945746347308;0.0276226904243231;0.0551913343369961
0.595086693763733;-0.482654452323914;2.23603630065918;0.0137895727530122;0.0112594170495868;0.0563673637807369
1.52711343765259;-0.178498864173889;3.075040102005;0.000161333475261927;0.0819342136383057;0.0836097151041031
1.10156035423279;-0.197750270366669;2.87646627426147;0.0114679327234626;0.0439181439578533;0.0791773051023483
1.22798526287079;-0.276472568511963;2.76296210289001;0.0168779380619526;0.0405162200331688;0.103431537747383
0.127805948257446;-0.0699558258056641;2.48482489585876;0.0101859513670206;0.0195169560611248;0.0966740548610687
1.20414257049561;-0.72715425491333;2.40443301200867;0.022109305486083;0.0449374727904797;0.0264816470444202
1.11605525016785;-0.262928485870361;3.17757153511047;-0.0150160361081362;0.059094063937664;0.0475811995565891
0.966865420341492;-0.23153156042099;2.27916526794434;0.0171298906207085;0.039021871984005;0.0769671946763992
1.0215185880661;-0.265940308570862;2.90849494934082;0.022571861743927;0.0358703434467316;0.102380208671093
0.463424801826477;-0.412581562995911;2.70225954055786;0.00992334447801113;0.00319973286241293;0.0414433591067791
1.099449634552;-0.175539255142212;2.44192171096802;0.0184067450463772;0.0769325792789459;0.0891186594963074
1.34397566318512;-0.0948294401168823;2.60222172737122;0.000357654877007008;0.0507906265556812;0.0702508464455605
0.79052722454071;-0.559468030929565;2.64172792434692;0.0118440166115761;0.0329679250717163;0.0781246423721313
0.632578134536743;0.352187633514404;2.62743997573853;0.020838838070631;0.0282044149935246;0.106609031558037
0.718400120735168;0.100709557533264;2.39838647842407;0.0148340677842498;0.0268271174281836;0.0428329557180405
1.46644639968872;-0.391079783439636;3.05207204818726;-0.00663818512111902;0.0756323114037514;0.0817548111081123
0.408124685287476;-0.394705057144165;2.72650146484375;0.0163713023066521;0.038699172437191;0.0245556738227606
1.20780599117279;-0.349994301795959;2.93587875366211;0.0213002413511276;0.032630443572998;0.115421704947948
0.801017761230469;-0.406898260116577;2.89529871940613;0.00902295485138893;0.0177208073437214;0.0780644789338112
0.831593334674835;-0.390279084444046;2.29029226303101;0.0284292679280043;0.052057970315218;0.026820095255971
1.08621573448181;0.192482769489288;2.69469475746155;-0.00199052505195141;0.0545249506831169;0.0659176781773567
0.790558695793152;-0.35476416349411;2.94521021842957;0.0083458386361599;0.0466905534267426;0.0991258546710014
1.09363687038422;-0.620276093482971;2.59637999534607;0.0157384164631367;0.0318517610430717;0.0974197387695313
0.715121924877167;-0.179206550121307;2.51645970344543;0.007397401612252;0.00963529013097286;0.0518417954444885
1.11336553096771;-0.00527100265026093;2.8475067615509;0.0212930738925934;0.0858979672193527;0.0352587588131428
0.861794352531433;0.0653613209724426;3.2875862121582;0.00653480738401413;0.0409750863909721;0.0705875605344772
1.00811016559601;-0.0149781107902527;2.71672964096069;0.0233051422983408;0.0422542877495289;0.0777454078197479
0.515280961990356;-0.292126059532166;2.60291266441345;0.00166148319840431;0.0115039143711329;0.094419926404953
1.07303762435913;-0.49128919839859;2.26672887802124;0.0308745130896568;0.039290264248848;0.0727493762969971
1.20190727710724;-0.397244095802307;2.82266736030579;-0.0195393543690443;0.0688532069325447;-0.00150923430919647
0.659357905387878;-0.0092853307723999;3.08685111999512;0.0224002059549093;0.0388320088386536;0.068948931992054
1.23455846309662;-0.477406620979309;2.51507210731506;0.0202066227793694;0.0371506176888943;0.108459748327732
0.0708930492401123;0.053536593914032;2.37906551361084;0.00314039248041809;0.00563081447035074;0.0467702969908714
1.17803227901459;-0.542088091373444;2.59303522109985;0.0182686857879162;0.060753807425499;0.0455733500421047
0.974601805210114;0.0851021409034729;2.59151220321655;-0.0131923463195562;0.0523359142243862;0.0460566058754921
0.667738318443298;0.109596133232117;2.71080756187439;0.014451315626502;0.0432778000831604;0.0962589383125305
0.626729726791382;-0.259055972099304;2.49335312843323;0.0178372338414192;0.0277372375130653;0.0689583197236061
1.10013580322266;-1.03446459770203;2.110196352005;0.0174854006618261;0.0138711296021938;0.078404925763607
1.28158473968506;-0.268978893756866;2.62370729446411;0.0116929039359093;0.0839860886335373;0.0888154953718185
0.622406780719757;0.279466688632965;2.90749359130859;0.006786840967834;0.0436019748449326;0.0495612770318985
1.36243259906769;-0.56678307056427;2.69612860679626;0.0132965706288815;0.0391066819429398;0.122269943356514
0.624574184417725;-0.10214638710022;2.77963328361511;0.0239574387669563;0.0234514735639095;0.0815680995583534
0.713153004646301;-0.183602139353752;1.98211824893951;0.0210460219532251;0.0402181595563889;0.0323528312146664
1.15935444831848;0.266531199216843;3.24290752410889;-0.0102683352306485;0.0645589083433151;0.0621786341071129
0.938181042671204;-0.534553527832031;2.73409605026245;0.00495680700987577;0.0324660800397396;0.0640006884932518
0.9489905834198;-0.00424468517303467;2.97865557670593;0.0255379900336266;0.0367290116846561;0.107191652059555
0.571738004684448;-0.636030793190002;2.21880412101746;0.0140891363844275;0.0125771146267653;0.04859434440732
1.04137623310089;-0.226717293262482;2.40889525413513;0.0184640511870384;0.0749291256070137;0.0743464455008507
1.03486084938049;-0.0694030672311783;3.03135180473328;-0.00762729346752167;0.0511915534734726;0.0416962541639805
0.709362983703613;-0.135174632072449;2.52797174453735;0.0191514119505882;0.0369259044528008;0.0705412551760674
0.767944812774658;0.190973162651062;2.84542608261108;0.0137536488473415;0.0255254544317722;0.0998474583029747
0.589975774288177;-0.336622387170792;2.25052928924561;0.0177997779101133;0.0209143869578838;0.0210787337273359
1.16335833072662;-0.204294264316559;3.21329021453857;-0.00820130296051502;0.0783362686634064;0.0667414292693138
0.663726091384888;0.0222373008728027;2.91319823265076;0.0193894188851118;0.0426512695848942;0.0381124839186668
0.926319360733032;-0.476102590560913;2.62439942359924;0.0193630941212177;0.0404408723115921;0.143001943826675
0.500737905502319;-0.234140753746033;2.32466793060303;0.00727757066488266;0.0173978079110384;0.028738759458065
0.895626068115234;-0.515536785125732;2.17272782325745;0.0252945013344288;0.0526798591017723;0.0998990833759308
0.937222301959991;0.381223678588867;2.93324995040894;-0.0210175774991512;0.0606327839195728;0.0373694822192192
0.748463153839111;-0.381494879722595;2.68098664283752;0.0184636861085892;0.043044775724411;0.0711229145526886
0.808287858963013;-0.523371338844299;2.73164677619934;0.0140896942466497;0.0300061125308275;0.130779594182968
0.415151059627533;-0.169494390487671;2.09116244316101;0.00539397587999702;0.0100855557247996;0.0479640737175941
1.28842902183533;-0.284792363643646;2.20688652992249;0.0163654088973999;0.0766216740012169;0.0498623140156269
0.846708536148071;-0.235810875892639;3.11533141136169;0.00427548866719007;0.0388768725097179;0.0626302883028984
0.650418043136597;0.296025633811951;2.56987595558167;0.0168006122112274;0.0441920161247253;0.129163220524788
0.693918347358704;-0.479333102703094;2.22859263420105;0.00465635443106294;0.0184454824775457;0.0366247110068798
0.9274001121521;-0.156926691532135;2.38884830474854;0.0281784795224667;0.0340008065104485;0.0393232703208923
1.2767391204834;-0.322836995124817;2.53421521186829;-0.0107089970260859;0.0751190036535263;0.0656703338027
0.310270309448242;0.311171114444733;3.36440181732178;0.012177187949419;0.0385562814772129;0.0497183836996555
1.0715184211731;-0.117689490318298;2.19892978668213;0.0196691267192364;0.0365085825324059;0.130996510386467
0.474533915519714;-0.338859856128693;1.7074670791626;0.011573982425034;0.0193847510963678;0.0458645448088646
1.20355784893036;-0.303554594516754;2.13370108604431;0.0142610436305404;0.0625060945749283;0.0947704687714577
1.03353774547577;-0.139457702636719;2.79409885406494;-0.0148696750402451;0.0464750155806541;0.0415631532669067
0.924995422363281;-0.391221284866333;2.76227331161499;0.0239144451916218;0.0407220646739006;0.104371756315231
0.928874254226685;-0.297096192836761;3.00168466567993;0.0212633423507214;0.0243710838258266;0.0494223944842815
0.483298122882843;-0.210951626300812;2.28927206993103;0.0187866576015949;0.0116098802536726;0.0531582869589329
1.2311863899231;-0.469135254621506;2.50067162513733;-0.0023963451385498;0.0801329836249352;0.0509777739644051
0.698683857917786;0.260087192058563;2.82181119918823;0.0165479555726051;0.0412706360220909;0.056718498468399
1.22480964660645;-0.350572675466537;2.57493591308594;0.0159893650561571;0.0373841822147369;0.0685427933931351
0.51172548532486;-0.458854764699936;2.42141604423523;0.00398116838186979;0.00591089436784387;0.0459438264369965
0.864903151988983;-0.412168145179749;2.34166932106018;0.0279834363609552;0.04353217035532;0.0315532721579075
1.21507322788239;-0.00500237941741943;2.70280814170837;-0.0119274593889713;0.0680563300848007;0.0408791527152061
0.607611358165741;-0.733760833740234;2.38093972206116;0.0173292886465788;0.0358758196234703;0.0686115697026253
1.072589635849;-0.618669867515564;2.5877947807312;0.0162223502993584;0.0343260169029236;0.129465565085411
0.778503775596619;-0.592066407203674;2.089839220047;0.0132002215832472;0.0130791757255793;0.05350336804986
0.915999054908752;0.00137752294540405;2.04282522201538;0.0161280259490013;0.0726865157485008;0.066505141556263
0.897610664367676;-0.0264484286308289;2.89579105377197;-0.00779258646070957;0.0454489775002003;0.0507960096001625
0.735956192016602;-0.35514771938324;2.57603359222412;0.0246122684329748;0.0389624387025833;0.108193047344685
0.833698749542236;0.273516774177551;2.37898063659668;0.0203961841762066;0.0309990979731083;0.110374063253403
0.524627387523651;0.143256261944771;2.43165802955627;0.0163692384958267;0.0235862713307142;0.0208908971399069
1.38435566425323;-0.0411806702613831;2.58450508117676;-0.00406608358025551;0.0775245055556297;0.0786498039960861
0.83275580406189;0.0884132981300354;2.99248862266541;0.0111570088192821;0.0415815785527229;0.0900325328111649
0.697567820549011;0.180945098400116;2.22287821769714;0.0282328631728888;0.0367158316075802;0.0784685015678406
0.942852795124054;-0.478563725948334;2.53016495704651;0.00446781609207392;0.0135349677875638;0.044295895844698
1.20484399795532;-0.292724609375;2.11739301681519;0.0314544923603535;0.0572339445352554;0.0934725552797318
1.1117730140686;0.159947544336319;2.6574592590332;-0.023605128750205;0.056153517216444;0.0371871069073677
0.810945868492126;0.0396961569786072;2.84932947158813;0.0165840666741133;0.037172045558691;0.0831679552793503
1.02732622623444;-0.531468391418457;2.23714542388916;0.0209523662924767;0.0275063067674637;0.0625302493572235
0.348284840583801;-0.359145671129227;2.62366485595703;0.011306936852634;0.00952545274049044;0.0481366217136383
1.50574052333832;-0.312941193580627;2.30654907226563;0.0121084516867995;0.0823993310332298;0.0634771734476089
1.15616858005524;-0.450963616371155;2.81023192405701;-0.00325173232704401;0.0476356334984303;0.0843689739704132
0.836673855781555;-0.634379029273987;2.74863195419312;0.0235614515841007;0.0383161641657352;0.115998812019825
0.683139204978943;-0.167529433965683;2.89922022819519;0.0126636903733015;0.0224401634186506;0.0550982132554054
0.846336245536804;-1.06482934951782;2.34551906585693;0.0131424684077501;0.016821950674057;0.0278670508414507
1.21712040901184;0.238253653049469;2.74622130393982;-0.010217715986073;0.079596072435379;0.0729317143559456
0.935998857021332;-0.0681025385856628;2.64805626869202;0.0144916027784348;0.0359838232398033;0.0510835945606232
0.944485664367676;-0.281356811523438;2.45941424369812;0.0217292737215757;0.0309212766587734;0.10692260414362
0.117161870002747;-0.677022993564606;1.92520666122437;0.00934831891208887;0.0178846046328545;0.0596291348338127
1.05359923839569;-0.247261822223663;2.47452044487;0.00812249537557364;0.0619529038667679;0.0547960437834263
1.27190208435059;-0.0563541948795319;3.0346565246582;-0.0051518646068871;0.0557610653340817;0.0550965219736099
0.860174417495728;-0.10850191116333;2.55263757705688;0.0223842076957226;0.0377446673810482;0.114385291934013
0.81190037727356;0.179846778512001;2.45082879066467;0.0113458344712853;0.0249699894338846;0.040761724114418
0.678402423858643;-0.702551126480103;2.55295419692993;0.0145968981087208;0.00855047442018986;0.0585181377828121
1.25198769569397;-0.16986358165741;2.65771436691284;0.0079317819327116;0.0813706293702126;0.0587141364812851
1.03770637512207;-0.404121577739716;2.79483771324158;0.00349044660106301;0.036976046860218;0.0685886293649673
1.10440349578857;-0.282370209693909;2.30509400367737;0.0184413399547338;0.0431537479162216;0.0926216915249825
0.57779598236084;0.02769935131073;2.5772910118103;0.00519374525174499;0.0135843846946955;0.104674786329269
1.21940100193024;-0.336972147226334;2.08327031135559;0.0297615937888622;0.0532861351966858;0.063497506082058
0.741048693656921;-0.0053962143138051;2.72563099861145;-0.0233952403068542;0.0579476691782475;0.017527723684907
1.11027753353119;-0.445635080337524;2.97639107704163;0.0211449079215527;0.0395456291735172;0.0844135209918022
1.10473203659058;-0.335836350917816;2.03371143341064;0.0122940950095654;0.0338494777679443;0.106211878359318
0.784143447875977;-0.714709401130676;2.47698044776917;0.0084819421172142;0.0128609854727983;0.040167361497879
1.00368189811707;-0.447142869234085;2.19362807273865;0.0161807909607887;0.0717825293540955;0.0629158020019531
1.05951166152954;0.028749942779541;3.16519212722778;-0.00310139264911413;0.0397354066371918;0.0688648074865341
0.888544917106628;0.106677174568176;2.44583678245544;0.0299313403666019;0.0471362546086311;0.0751167982816696
0.677227377891541;-0.401298880577087;2.21823525428772;-0.00281266728416085;0.0141693782061338;0.0757584348320961
0.897679388523102;-0.459759145975113;2.55829763412476;0.0165462531149387;0.0241816230118275;0.041774682700634
0.918438971042633;0.162915885448456;2.3840925693512;0.000184437492862344;0.0848502740263939;0.061621181666851
0.918111622333527;-0.407576829195023;3.20161962509155;0.00981261860579252;0.0358883738517761;0.0514449626207352
0.905672788619995;-0.17599892616272;2.07032084465027;0.0182068478316069;0.0396760329604149;0.155270054936409
0.49068295955658;-0.161210179328918;2.34819746017456;0.00582099240273237;0.0168069545179605;0.0300827492028475
1.36402201652527;-0.850218713283539;2.66074562072754;0.0220883227884769;0.0507923774421215;0.0669111311435699
0.970408499240875;0.13920846581459;2.62641668319702;-0.0172822196036577;0.0614050775766373;0.0493878871202469
0.982149720191956;-0.220247030258179;2.65306758880615;0.0132222045212984;0.0384690687060356;0.0785765051841736
0.86341404914856;-0.172025561332703;2.42580318450928;0.0266477353870869;0.0327565521001816;0.124436482787132
0.358543276786804;-0.60839581489563;2.35216116905212;0.00867896899580956;0.00656216451898217;0.0490370132029057
1.26893126964569;-0.294595837593079;2.40787529945374;0.0156611278653145;0.0768649131059647;0.0808983445167542
0.643242716789246;-0.212376028299332;2.47822761535645;-0.00731778889894485;0.0446125753223896;0.0345187745988369
1.22275447845459;-0.698591709136963;2.85136890411377;0.0131691284477711;0.0363421477377415;0.0950216054916382
0.340517997741699;0.152218282222748;2.39497351646423;0.0129825565963984;0.0164332538843155;0.0695450156927109
1.01335763931274;-0.532629251480103;2.53959178924561;0.0196161214262247;0.0354711599647999;0.0239944364875555
1.27658891677856;-0.351525038480759;2.68994140625;-0.0137089118361473;0.0740485414862633;0.0702690482139587
0.950550079345703;-0.0597277283668518;2.44347429275513;0.0151624865829945;0.0450747311115265;0.0826799422502518
1.03115010261536;-0.419847011566162;2.43280482292175;0.0225661229342222;0.0374736078083515;0.110324896872044
0.496070384979248;-0.365064322948456;2.38307476043701;0.00677274772897363;0.00972411036491394;0.0902696400880814
0.888114094734192;0.181913375854492;2.10488677024841;0.0237249415367842;0.0675858333706856;0.0529810152947903
1.19455981254578;-0.141485422849655;2.900634765625;-0.0164996460080147;0.0468804724514484;0.0319629646837711
1.00993013381958;-0.957313358783722;3.14122653007507;0.0148271098732948;0.0421673730015755;0.102584987878799
0.66787052154541;-0.0512769818305969;2.32454323768616;0.0165601000189781;0.0287065505981445;0.0714607164263725
0.99728262424469;-0.166497439146042;2.06651043891907;0.0128757851198316;0.0162011738866568;0.05225620418787
1.12679970264435;-0.54577112197876;2.5792818069458;0.00759741570800543;0.0858297571539879;0.0743320658802986
0.818549036979675;-0.142417103052139;3.3258593082428;0.00298831705003977;0.0371406003832817;0.0425971075892448
1.02198195457458;-0.17029595375061;2.32847476005554;0.0240707788616419;0.049142025411129;0.121568433940411
0.639570891857147;-0.738295316696167;2.19166707992554;0.00433710170909762;0.0173513200134039;0.0480491295456886
0.995763301849365;-0.758868932723999;2.18128108978271;0.0166221037507057;0.0377827659249306;0.0323378145694733
1.20671033859253;0.14709210395813;3.16397476196289;-0.0106993280351162;0.0661208033561707;0.0397804193198681
0.508326351642609;-0.32087379693985;2.36745882034302;0.0182422921061516;0.0397747121751308;0.0424499586224556
1.02296328544617;-0.567319631576538;3.1379132270813;0.0196412280201912;0.0309487469494343;0.115948647260666
0.590162217617035;-0.15785801410675;1.80965793132782;0.00949739012867212;0.0167678035795689;0.0337660610675812
1.01418232917786;-0.369917333126068;2.55472826957703;0.0140267889946699;0.0662034153938293;0.0704359114170074
1.18266129493713;-0.377705693244934;2.59534358978271;-0.00459614116698503;0.0452394559979439;0.0641244202852249
0.782599806785584;-0.0153111219406128;2.37938380241394;0.0193881820887327;0.0473952740430832;0.103735417127609
0.839426696300507;-0.130056917667389;2.49679160118103;0.00805033836513758;0.0191537514328957;0.0655218064785004
0.768896758556366;-0.185206830501556;2.29116916656494;0.0162915624678135;0.0290725324302912;0.0597874000668526
0.978538036346436;0.17835921049118;2.69478130340576;-0.00352256977930665;0.0784519016742706;0.0766896679997444
0.800408959388733;-0.236664980649948;2.89520788192749;0.00694727664813399;0.0323885791003704;0.0327376388013363
0.888893127441406;-0.202907800674438;2.32346725463867;0.0203803684562445;0.0418676920235157;0.135475993156433
0.687038004398346;0.0138873755931854;1.98786187171936;0.0114518105983734;0.0173243302851915;0.0375238955020905
1.06454503536224;-0.770006537437439;2.61328220367432;0.0181544460356236;0.0488192364573479;0.0303288046270609
0.764510631561279;0.424661636352539;2.74732851982117;-0.0152200376614928;0.0497477911412716;0.038100641220808
0.728043377399445;0.105176240205765;2.76045250892639;0.0230379980057478;0.0438324250280857;0.0400937050580978
1.04004096984863;-0.54416024684906;2.32580184936523;0.0173448771238327;0.0249218698590994;0.123609080910683
0.256085515022278;-0.313862860202789;2.31113910675049;0.00690473569557071;0.0162290185689926;0.0539801456034184
1.26424098014832;-0.0488759279251099;2.3924663066864;0.0136737339198589;0.0785099938511848;0.0545622669160366
0.78109335899353;-0.364955186843872;2.66819500923157;-0.00654814345762134;0.0385455936193466;0.0713347941637039
1.01805424690247;-0.272696018218994;2.6884388923645;0.0195515044033527;0.043724212795496;0.129492223262787
0.591854453086853;-0.313451021909714;1.70667839050293;-0.000446593854576349;0.0141591764986515;0.0521815456449986
1.18534135818481;-0.826869428157806;2.68557095527649;0.019154904410243;0.0307510793209076;0.00403470546007156
1.25969839096069;-0.535381019115448;2.54446172714233;-0.00465363077819347;0.0774751827120781;0.0932857766747475
0.642791032791138;0.169394910335541;2.14509725570679;0.0116969607770443;0.043355792760849;0.0678021982312202
1.26233839988708;-0.541795253753662;2.7934901714325;0.0242125634104013;0.0362637899816036;0.131708443164825
0.495947003364563;-0.227459847927094;2.55017781257629;-0.000500872731208801;0.00679888017475605;0.0814971178770065
1.07060551643372;-0.397813975811005;1.89090394973755;0.0244915429502726;0.0598357543349266;0.0320371985435486
0.875163972377777;0.138242706656456;2.51039004325867;-0.0117183541879058;0.0503789596259594;0.0288228467106819
0.965559363365173;-0.247169435024261;2.66667795181274;0.0223027784377337;0.0391836203634739;0.0822888314723969
0.725090146064758;-0.0343940258026123;2.66483736038208;0.0100368428975344;0.0254772193729877;0.103467710316181
0.716533422470093;0.0193556249141693;1.90380251407623;0.0103757455945015;0.0190316531807184;0.0514995753765106
1.28733098506927;-0.636452317237854;2.36722755432129;0.0122180925682187;0.0795509517192841;0.0722933262586594
0.767732560634613;-0.0756376683712006;3.30571866035461;0.00524730095639825;0.0383745916187763;0.0391346514225006
1.01032018661499;-0.227784276008606;2.27382326126099;0.0171900503337383;0.0409089177846909;0.130129605531693
0.625693023204803;-0.57639741897583;2.74757695198059;0.011699641123414;0.0198470968753099;0.0287164486944675
0.711334824562073;-0.486097425222397;2.08028197288513;0.0271574575453997;0.0424688830971718;0.055928897112608
1.00666856765747;0.196041077375412;3.03840136528015;-0.0240591112524271;0.0621648915112019;0.0377773903310299
0.833465814590454;-0.267516553401947;1.99973344802856;0.00887720379978418;0.0365160554647446;0.0529513917863369
0.886792063713074;-0.118727564811707;2.4531364440918;0.0165310464799404;0.0389125570654869;0.0911120250821114
0.579104423522949;-0.685772240161896;2.77455902099609;0.0125688258558512;0.00377608137205243;0.0405061356723309
0.992893159389496;-0.291442364454269;1.93775260448456;0.01263218652457;0.0683750957250595;0.0652944073081017
1.12283134460449;0.535214245319366;2.6824996471405;-0.00934904720634222;0.0522408708930016;0.0543826371431351
0.606348633766174;-0.0222569704055786;2.36810994148254;0.0251822248101234;0.0407232083380222;0.0647027269005775
0.644970536231995;0.101731479167938;2.75035500526428;0.00690932851284742;0.0166284125298262;0.093365803360939
0.625017046928406;-0.472025811672211;2.06428265571594;0.0122098550200462;0.0183762013912201;0.00511404825374484
1.35074055194855;-0.749860942363739;2.13028192520142;-0.00247692270204425;0.0833989828824997;0.0422911494970322
0.68782764673233;-0.356085538864136;3.02330827713013;0.00723097193986177;0.0312807783484459;0.0651483312249184
1.1044499874115;-0.273082375526428;2.33372735977173;0.0184758193790913;0.0377715602517128;0.102552942931652
0.3381267786026;0.0778864622116089;2.19170236587524;0.0148625681176782;0.0245458520948887;0.0752850323915482
1.09189915657043;-0.603424370288849;2.49394392967224;0.0193269290030003;0.0421896167099476;0.0321659930050373
1.06420624256134;0.129930913448334;3.23233914375305;-0.0138258095830679;0.057541623711586;0.0799330994486809
0.78364884853363;0.51383376121521;2.29093742370605;0.0202009845525026;0.0441199243068695;0.0957950949668884
0.80448842048645;-0.0956539511680603;2.1986083984375;0.0252639856189489;0.0295654237270355;0.0955456718802452
0.589518308639526;-0.194887399673462;2.43334865570068;0.00378196849487722;0.00817550532519817;0.0608757622539997
1.18016505241394;-0.199096620082855;2.49450421333313;0.00866371393203735;0.0762185454368591;0.0666721165180206
1.03355801105499;-0.443692982196808;2.52894449234009;-0.0043898643925786;0.0482731610536575;0.00712911505252123
0.841600894927979;-0.257800459861755;2.62277793884277;0.0147414188832045;0.0372875742614269;0.123222000896931
0.69706404209137;0.365733444690704;2.09448170661926;0.0203111506998539;0.0277211088687181;0.0582626089453697
0.939817070960999;-1.0157698392868;2.46742415428162;0.0141932796686888;0.0280471667647362;0.0487154945731163
1.02461922168732;0.441990852355957;2.42111778259277;-0.000609904527664185;0.0784644261002541;0.0932311490178108
0.805056929588318;-0.0992323160171509;3.06303262710571;0.00940735079348087;0.0424877218902111;0.049019493162632
1.21937394142151;-0.437625050544739;2.54595899581909;0.0201859455555677;0.0392517745494843;0.134619474411011
0.601118087768555;-0.623652219772339;2.33478212356567;0.00649441685527563;0.0164326541125774;0.0501166954636574
0.971992135047913;-0.148443758487701;2.07222747802734;0.025128897279501;0.0671399906277657;0.0621976554393768
1.00928485393524;-0.132175624370575;3.04954075813293;-0.0185446701943874;0.0454362519085407;0.0102015295997262
0.800443410873413;-0.251352071762085;2.60170006752014;0.0199802666902542;0.0492070876061916;0.119850374758244
0.857118368148804;-0.360931277275085;2.38060116767883;0.0133130149915814;0.0268551874905825;0.0548803061246872
0.550532817840576;-0.436478853225708;2.07943058013916;0.0108626764267683;0.00846712570637465;0.0738179981708527
1.30587160587311;-0.0758757591247559;2.61306118965149;0.0154476705938578;0.0870797038078308;0.0805184841156006
0.984996557235718;-0.286600410938263;2.73357939720154;0.00613865442574024;0.0426112823188305;0.0420756153762341
0.953772187232971;-0.0591292977333069;2.4792537689209;0.0176072753965855;0.0412175394594669;0.084042526781559
0.538200974464417;-0.0868170857429504;2.21184897422791;0.0174202993512154;0.0152038531377912;0.0712473541498184
0.68497633934021;-0.363726586103439;1.85367381572723;0.0221454259008169;0.0386711172759533;0.0292841326445341
1.43896484375;0.0413057580590248;2.62121677398682;-0.0188112650066614;0.0681784003973007;0.0437162257730961
0.391743540763855;-0.387254953384399;2.25026798248291;0.0127623286098242;0.0398613214492798;0.0649988129734993
0.548426568508148;-0.166954576969147;2.70480465888977;0.00533803924918175;0.0168116390705109;0.0565094277262688
0.273130744695663;-0.136320382356644;1.5646721124649;-0.00172932003624737;0.0105179958045483;-0.0233975388109684
0.871798872947693;0.314160466194153;1.75133836269379;-0.0422855764627457;0.0484317243099213;-0.0145097654312849
0.180775538086891;0.493557095527649;2.07239937782288;-0.0481109172105789;-0.00600337935611606;-0.0176937934011221
0.152467221021652;0.0500108301639557;1.80052876472473;-0.00796667579561472;-0.00950733665376902;-0.0147511549293995
0.120773628354073;0.197550252079964;1.41512632369995;-0.014651320874691;0.0045511880889535;-0.0154963936656713
0.131841406226158;0.464605689048767;1.38676595687866;-0.039539497345686;-0.0119049707427621;-0.011105528101325
-0.172946393489838;-0.193967536091805;1.65906131267548;0.0105417743325233;-0.0244112908840179;-0.0125016774982214
-0.0964692980051041;0.26104211807251;1.14734530448914;-0.0107391672208905;0.00648664496839046;-0.015080071054399
-0.315498560667038;0.298429727554321;0.861781120300293;-0.0215645991265774;-0.0261207744479179;-0.0147795844823122
-0.0238517224788666;-0.224910363554955;1.14980113506317;0.0244624428451061;0.000313974916934967;-0.0105010755360126
0.0355711132287979;0.371313214302063;1.07917702198029;-0.02001435123384;0.000783045310527086;-0.0124345393851399
-0.304909318685532;-0.487935453653336;0.795040786266327;0.024527644738555;-0.0238050036132336;-0.0115137957036495
0.236732810735703;0.138096481561661;0.746938765048981;-0.0145195433869958;0.0220749024301767;-0.0149115435779095
-0.2540183365345;-0.0372178629040718;0.757145047187805;0.00301193981431425;-0.0263080392032862;-0.0104129584506154
0.306855052709579;-0.0917290300130844;0.630239546298981;0.00201991922222078;0.0240000765770674;-0.0138285309076309
-0.363614439964294;0.110515847802162;0.569468259811401;-0.0160316489636898;-0.028546791523695;-0.0137203736230731
0.293971568346024;-0.3262580037117;0.477602690458298;0.0150804631412029;0.019192349165678;-0.0140064312145114
-0.299182802438736;0.258455485105515;0.495360225439072;-0.0182686578482389;-0.0224982276558876;-0.0123994313180447
0.248178958892822;-0.207043081521988;0.386336147785187;0.012363257817924;0.0191032551229;-0.0136308539658785
-0.307794749736786;0.0990113317966461;0.458514243364334;-0.0164705161005259;-0.0255441721528769;-0.0107847275212407
0.23932757973671;-0.149663478136063;0.347830355167389;0.00791578833013773;0.0189562812447548;-0.015547001734376
-0.247871920466423;-0.0342775247991085;0.400862485170364;-0.00533688208088279;-0.0228622127324343;-0.0114370649680495
0.278390467166901;-0.118321679532528;0.288690686225891;-0.00424459390342236;0.0167819894850254;-0.00855781883001328
-0.229105442762375;-0.162760958075523;0.312522083520889;0.00586486095562577;-0.0215883757919073;-0.0148377949371934
0.137809753417969;0.217420771718025;0.147595107555389;-0.0150530794635415;0.0100740361958742;-0.0142246726900339
-0.0256155729293823;-0.363199889659882;0.162744760513306;0.0196335762739182;-0.00701161986216903;-0.0130737237632275
-0.1412533223629;0.223730102181435;0.164272859692574;-0.0229024346917868;-0.00745475850999355;-0.0150047279894352
0.231090307235718;-0.286341935396194;0.13736717402935;0.0166301559656858;0.0119185596704483;-0.0119511187076569
-0.304436862468719;0.058274045586586;0.131191551685333;-0.0109915817156434;-0.0209889058023691;-0.013264873996377
0.193305537104607;-0.0262243449687958;0.0771914273500443;-0.00584863219410181;0.0159934274852276;-0.0106675075367093
-0.0398533046245575;-0.276205718517303;0.0985475555062294;0.0140504250302911;-0.0101762432605028;-0.0123385209590197
-0.287278294563293;0.298208475112915;-0.0192169994115829;-0.0211818851530552;-0.00775553658604622;-0.014560554176569
0.204321190714836;-0.101444020867348;0.12482962012291;0.0148351453244686;0.018630912527442;-0.00986973568797112
-0.309340506792068;-0.109497867524624;0.025083864107728;-0.00326375942677259;-0.026131397113204;-0.0128838699311018
0.0515030324459076;0.143263593316078;-0.0945908576250076;-0.0164791271090508;0.00857057701796293;-0.0118982400745153
0.254926800727844;-0.302611708641052;-0.0526769012212753;0.0187368746846914;0.00642266450449824;-0.0112903192639351
-0.516258001327515;0.0939899533987045;-0.13168241083622;-0.0125282984226942;-0.0278431084007025;-0.0123535320162773
0.391298413276672;0.0835811793804169;-0.0310224965214729;-0.00918138865381479;0.0228157192468643;-0.0114890206605196
-0.10437273979187;-0.16606792807579;-0.191572025418282;0.0189958401024342;-0.0048421248793602;-0.0141857396811247
-0.362372219562531;0.181168615818024;-0.19623102247715;-0.0119579946622252;-0.0215199012309313;-0.00809452775865793
0.435298472642899;0.031648576259613;-0.0353182479739189;-0.0105354590341449;0.0244904924184084;-0.0139234755188227
-0.209358632564545;-0.259643316268921;-0.222435459494591;0.0177765395492315;-0.00879388768225908;-0.0131123494356871
-0.228581458330154;0.062118373811245;-0.175847724080086;-0.0112122995778918;-0.0168223306536675;-0.00910444557666779
0.255290061235428;0.0961645841598511;-0.155879661440849;-0.0117576224729419;0.0147282620891929;-0.012684278190136
-0.0521422028541565;-0.228896424174309;-0.334200888872147;0.0151041634380817;0.000250318553298712;-0.0134173166006804
-0.186074495315552;-0.0639209151268005;-0.164466381072998;-0.0028594599571079;-0.0174404885619879;-0.0124462191015482
-0.0228973627090454;0.274095058441162;-0.279871761798859;-0.0172854475677013;0.00326000852510333;-0.0089260246604681
0.220058798789978;-0.27833017706871;-0.302658289670944;0.00900589674711227;0.0133096911013126;-0.0205211509019136
-0.42381089925766;-0.00328399240970612;-0.0464376471936703;0.0119864391162992;-0.0164254289120436;-0.0157601088285446
-0.148965686559677;-0.00653302669525146;-0.412059098482132;-0.0160661153495312;-0.0119068156927824;-0.0171817019581795
0.273132503032684;0.148053959012032;-0.196643456816673;-0.00687809567898512;0.018500717356801;-0.00649863108992577
-0.0163695216178894;-0.248290196061134;-0.374001145362854;0.0152156911790371;-0.00216889148578048;-0.0115274582058191
-0.235010176897049;-0.131677746772766;-0.219811245799065;0.000916814373340458;-0.0172886531800032;-0.0115126557648182
-0.0154340863227844;0.24880488216877;-0.335716992616653;-0.0180809590965509;-0.000781093025580049;-0.0132646653801203
0.196366176009178;0.00966453552246094;-0.28880175948143;-0.000788043951615691;0.0126700857654214;-0.0103506296873093
-0.0185181498527527;-0.350283205509186;-0.309282571077347;0.0153518468141556;-0.00305179296992719;-0.0120154190808535
-0.284967511892319;-0.0494244433939457;-0.295187056064606;-0.0013613646151498;-0.0185831189155579;-0.0108102830126882
0.015570268034935;0.334105938673019;-0.32804349064827;-0.0189961660653353;0.000254340004175901;-0.0119268037378788
0.173907607793808;-0.0911495313048363;-0.31084743142128;0.00151272059883922;0.013605467043817;-0.0113660264760256
-0.0153051018714905;-0.328707337379456;-0.353760212659836;0.0163989719003439;-0.00202220445498824;-0.0105197057127953
-0.229593276977539;-0.0291937068104744;-0.332751870155334;-0.00192883959971368;-0.0165429823100567;-0.0154688712209463
-0.0759117007255554;0.260468304157257;-0.370659708976746;-0.0166692268103361;-0.00566053856164217;-0.0107288667932153
0.170324921607971;-0.085540771484375;-0.380757659673691;-0.00241612549871206;0.011683002114296;-0.0130813159048557
0.108161851763725;-0.283142805099487;-0.342604905366898;0.0112033812329173;0.00360310729593039;-0.00926148239523172
-0.132052451372147;-0.0699980929493904;-0.372405111789703;0.00679612252861261;-0.00971978344023228;-0.00819835718721151
-0.194316104054451;0.0742221176624298;-0.336643844842911;-0.00763763720169663;-0.0133022023364902;-0.0126999393105507
0.0194822996854782;0.0756824016571045;-0.432086110115051;-0.0103466222062707;0.00141177396290004;-0.0109567632898688
0.170951709151268;0.00976195931434631;-0.319366425275803;-0.00137033977080137;0.0102435415610671;-0.0131055563688278
0.0675928145647049;-0.170116513967514;-0.394619524478912;0.00938604027032852;0.00155860418453813;-0.00808865204453468
-0.129126623272896;-0.177669256925583;-0.283177196979523;0.0058074276894331;-0.0115811182186008;-0.00914229452610016
-0.122529745101929;-0.0215766057372093;-0.405748337507248;-0.00642260769382119;-0.0133798606693745;-0.012446790933609
0.0817283391952515;0.0750345438718796;-0.461407512426376;-0.014089529402554;-0.000231824233196676;-0.0105106486007571
0.177758201956749;-0.0111346393823624;-0.364650726318359;-0.000643773353658617;0.0114987101405859;-0.0109403822571039
0.0640391111373901;-0.138839215040207;-0.400237172842026;0.00964208319783211;0.0036556189879775;-0.0108849462121725
-0.113353058695793;-0.15796285867691;-0.404183089733124;0.0074274162761867;-0.00814822595566511;-0.011378220282495
-0.234529033303261;0.0171810612082481;-0.338408976793289;-0.0015232318546623;-0.0128096863627434;-0.00919497478753328
-0.0141582638025284;0.0270392000675201;-0.463306695222855;-0.00916224345564842;-0.00688574183732271;-0.0121704107150435
0.0910351276397705;0.0948379635810852;-0.417833358049393;-0.00822894368320704;0.00595367886126041;-0.0137775866314769
0.0883621275424957;-0.0561231225728989;-0.411270916461945;0.000680937664583325;0.00623931922018528;-0.0132515039294958
0.015497088432312;-0.180923298001289;-0.442662447690964;0.00879094935953617;0.000706679653376341;-0.00952743366360664
-0.079576388001442;-0.155528664588928;-0.370531111955643;0.00661860639229417;-0.0068516437895596;-0.0104655120521784
-0.12975862622261;-0.0286782905459404;-0.387221395969391;0.00123827031347901;-0.0108117684721947;-0.0124059766530991
-0.0865594148635864;0.088369719684124;-0.478927135467529;-0.00772070046514273;-0.00809351168572903;-0.00872594583779573
0.01087786257267;0.0729842633008957;-0.413323014974594;-0.00975116062909365;-0.00101452076341957;-0.0114775523543358
0.0978601276874542;0.0873480886220932;-0.413342952728271;-0.00373780587688088;0.00701255956664681;-0.0114938113838434
0.124397069215775;-0.0913114696741104;-0.453838109970093;0.00434662867337465;0.00639886595308781;-0.00906200148165226
0.0187989473342896;-0.178857356309891;-0.421193659305573;0.00873344205319881;-0.000700013712048531;-0.0107292681932449
-0.0928227156400681;-0.131940141320229;-0.41256520152092;0.00614681607112288;-0.00696647306904197;-0.0104135507717729
-0.159307718276978;-0.0134414359927177;-0.366259515285492;0.000352154485881329;-0.0114192944020033;-0.0100234542042017
-0.121313601732254;0.038864366710186;-0.468776971101761;-0.00449295854195952;-0.00937716942280531;-0.0108217056840658
-0.00159536302089691;0.117933206260204;-0.441891759634018;-0.00961807370185852;-0.00222714338451624;-0.00964436214417219
0.0733686834573746;0.0904720276594162;-0.41062605381012;-0.00673185708001256;0.00404834933578968;-0.00958359055221081
0.0620329082012177;-0.0565459877252579;-0.43327671289444;-0.000188426347449422;0.00529178511351347;-0.0123684592545033
0.0511550307273865;-0.0988521426916122;-0.394295781850815;0.00500396685674787;0.00317200738936663;-0.0120972692966461
0.0229643583297729;-0.112022668123245;-0.435292840003967;0.00579357845708728;-0.00115559785626829;-0.013017070479691
-0.0466982573270798;-0.10314417630434;-0.415242791175842;0.00616908259689808;-0.00487061031162739;-0.00963598396629095
-0.139570474624634;-0.0738368555903435;-0.474679112434387;0.0045883902348578;-0.00781699549406767;-0.0110935131087899
-0.135518133640289;-0.037024162709713;-0.420238137245178;-0.000696506584063172;-0.0098826140165329;-0.0109600201249123
-0.116310603916645;0.166841045022011;-0.474395990371704;-0.00486443052068353;-0.00801805965602398;-0.00621621124446392
-0.037769753485918;0.201970815658569;-0.410850286483765;-0.00671035004779696;-0.00342610268853605;-0.00334539893083274
0.0166702270507813;0.120701998472214;-0.465129882097244;-0.00825773272663355;0.000215512467548251;-0.0170464478433132
0.0854659527540207;0.0322587639093399;-0.435556709766388;-0.00394336646422744;0.00466149020940065;-0.00844325311481953
0.103065505623817;-0.016517847776413;-0.429394870996475;-0.000139735464472324;0.00569617236033082;-0.00811354443430901
0.11118870973587;-0.101413413882256;-0.445198744535446;0.00459202099591494;0.00381087162531912;-0.0113248415291309
0.0429514348506927;-0.100139699876308;-0.425409436225891;0.00675596762448549;-0.000371191999875009;-0.00843014940619469
-0.0149089992046356;-0.104422122240067;-0.460972994565964;0.00641651777550578;-0.00369290728121996;-0.010249113664031
-0.060176208615303;-0.095270037651062;-0.408566802740097;0.00575587013736367;-0.00598223926499486;-0.0100132590159774
-0.0771436393260956;-0.0582566633820534;-0.425625711679459;0.00386434514075518;-0.00702430820092559;-0.0106168333441019
-0.11297681927681;-0.0359870307147503;-0.447364121675491;0.00126997765619308;-0.00906067993491888;-0.0095418207347393
-0.0990710258483887;-0.0126247629523277;-0.41806373000145;-0.00110060058068484;-0.00763997109606862;-0.00884870253503323
-0.0955913513898849;0.0144838318228722;-0.413036435842514;-0.00386043032631278;-0.00801278557628393;-0.00928212981671095
-0.00292947888374329;0.079824410378933;-0.383064150810242;-0.00651634437963367;-0.00371250510215759;-0.00967969186604023
-0.00334958732128143;0.073965921998024;-0.422747254371643;-0.00529657956212759;-0.00105455738957971;-0.00917873624712229
0.034479945898056;0.0637485384941101;-0.405347645282745;-0.00526471994817257;0.00251834047958255;-0.0100798523053527
0.0319927334785461;0.0229369401931763;-0.46715122461319;-0.00130208395421505;0.00263190316036344;-0.00993044301867485
0.0518721640110016;-0.0123249366879463;-0.430342793464661;0.00028618989745155;0.00265001668594778;-0.00852123461663723
0.05785271525383;-0.0203922688961029;-0.394664764404297;0.00131370627786964;0.00270110019482672;-0.0114551242440939
0.0379007756710052;-0.0341786444187164;-0.433590620756149;0.00411615334451199;0.00163237436208874;-0.00856560654938221
-0.00238567590713501;-0.0570020526647568;-0.449110507965088;0.00422302540391684;-0.00068782374728471;-0.00903601013123989
0.00404925644397736;-0.0486402064561844;-0.443215936422348;0.00489639630541205;-0.00169028353411704;-0.009709557518363
-0.025646835565567;-0.0387572348117828;-0.420802116394043;0.00329960556700826;-0.00322905974462628;-0.00918311346322298
-0.0168941766023636;-0.0455465316772461;-0.441687494516373;0.00329901813529432;-0.00352800078690052;-0.00907974317669868
-0.038485512137413;-0.0277390405535698;-0.425090134143829;0.00207044603303075;-0.00408787652850151;-0.00863391347229481
-0.0316258072853088;-0.0336290970444679;-0.424433976411819;0.00129492022097111;-0.00428044563159347;-0.0111021194607019
-0.0111526250839233;-0.028938427567482;-0.412891149520874;0.00199654884636402;-0.00538022443652153;-0.00969435553997755
-0.0207893550395966;-0.0148457288742065;-0.438420802354813;0.000755716930143535;-0.00445381691679358;-0.00859947502613068
-0.0193698704242706;-0.0212864875793457;-0.436051398515701;0.000635781965684146;-0.00564586278051138;-0.0121035138145089
-0.0187661200761795;0.0034051239490509;-0.393631160259247;-0.00136315962299705;-0.00324583519250155;-0.00774372275918722
-0.0135742276906967;-0.0277379974722862;-0.370449930429459;-0.000889857183210552;-0.00435813702642918;-0.00883056223392487
-0.0342854261398315;-0.0264497399330139;-0.439721256494522;-0.00054800434736535;-0.00695540895685554;-0.0163746066391468
-0.0255053788423538;-0.0166268423199654;-0.433747291564941;-0.000459778704680502;-0.00330197205767035;-0.0096264136955142
-0.0162802785634995;-0.00123628973960876;-0.398798167705536;-0.00138759589754045;-0.00253883935511112;-0.00629471521824598
0.00948238559067249;0.0415631756186485;-0.384044140577316;-0.00194962904788554;-0.000512160710059106;-0.000236339954426512
-0.0108523070812225;0.00324594974517822;-0.379631638526917;-0.0011004030238837;-0.00418178830295801;-0.00897402688860893
-0.0147802904248238;-0.0173235945403576;-0.413711845874786;-3.02264525089413E-05;-0.00309925363399088;-0.00527098262682557
0.0233392547816038;0.0226043425500393;-0.429519385099411;-0.000938003649935126;-0.000611133233178407;-0.000170183659065515
-0.0122345462441444;0.00786963850259781;-0.417655348777771;-0.000599865627009422;-0.00236450112424791;-0.00247195013798773
-0.0283336266875267;-0.00213777273893356;-0.389440506696701;1.45196099765599E-06;-0.00358010153286159;-0.00481763388961554
-0.0125383082777262;0.0206004828214645;-0.416780710220337;0.000264290109043941;-0.00240041222423315;-0.00175154744647443
